360983910573
0010000110010101011000101010010111010111101101010110
17
0000000000000000000000000000000000000000000000000000
18617631985
0110110000111101111101101110101010110111111001000000
881036193949
0101001011110100100001010001010101001011010101011001
1
1010111001111101111111001000010111101101111010101010
6347493663924
0111100010110010011101000000001100101101100110110001
7989703111245
1110001110000010001010011011110000010000111010010100
172775263514
0101001011000011000010001001001000011010000000011010
1000000000000000000
0001111000000011101010011000011101001010001001110010
99136
0111000100100101001111000101101111111010011001000001
6
0010100111010011100110101100010000000001101100001001
3
1000110010010110111001011001001110100101111001100000
54156412892477
0101011110000000011111011111000110110011010101101100
8759
0100001111010011100100010111010000110111011010111010
1
0101010010110010111001100000101000100101010101011110
3133210159617410
0100100110001001111100110011101111011101001011000011
3
0000000000000000000000000000000000000000000000000000
239063141214
0000111000001110111011111101001101001011110000001110
8235
0000001001101000010011001111111101101010101000100100
203689537625
1011010111001010011000011010001110111100000101010101
95399179953
0101000010111111111011000100111110110100111000110011
7449153417462
0111001001010001101100011110111110111100000000110110
45449428195
1110100110101100110101101001000100011100100111010011
99
1010100000011100110100101100010101100101111100010010
96838510308087
1110001000110101011100010100110100000000111000011111
33457320895046988
1001011100000000110001010110000010101011100111100001
25
0111111000100101011100111011010000011000001110011100
2
0111010110100011111101100110001110011010110010001010
491240683384
0110100001111101001111101011100011010101100011010100
411714047406
1111001110110001001000111010111001011101110111101101
449815547684173
0001100011110001111101000001001111101001110110000001
1815052026687427
1010001000100000110001100000110011010011100110001110
2
0011101110010000011010110010101001010000111111111010
68509414329478
0101100000010101110010001101111101000000111010000111
759749298333612
1101000010001001110011100101110010010001000011000101
54552606019
1110100100010100111000110001001110011101110001010010
1
0000000000000000000000000000000000000000000000000000
374796345948
1111101000000100010100000000000011110011100010010000
928790253
1111110101001000011001011000000110110101011101011011
571705630046
1011111111011111110101010010110001000111111010010001
18582665751680
0011000001011101010100010110111101001110101101000111
6667884140
1001111011010010111100111101111110100100011101010011
6791
1000110011111100110011000011010000001110111010100000
404
0010011111001110001100011010010010010101010100010011
5570
1000011000000011111110111011011001111011001000001011
898302621435
0110110010000110001101001100000000110110000010010010
8
1100000111110001001100000111010001100011011001100100
5332937
0101101101101010110111000101000010101101010010000110
39
0110010010011110000011011010000110011000101001111000
230
1010110110011100011001011011111010110011010010000111
3356610
0011101101111101111001000101000110110000001110111100
33
0100101010000101011110001101010010010010111110000110
99347905504395603
0010001111110111000101001010111100111011111111110110
2
0000001001111011011101111100000111001110000110111101
6128
0011101111011111101101001000000111011010000111011111
3387
1011110010101001001000000100000110001011000101001110
2828398
0011110011010011110100101001111101111110011000011100
38
1010011110100011001111011110111111010111100010100100
508756189475
0011101000100010100011011010010010010011000111011000
831036426750
0101110010000000110100011111000001101001100001101010
58
0111110001100001110010001001100100000100110011110010
1
1010100011010100100111001101101111010011101100111101
282403922
1000010001110001011100111111000110011001001100001100
311753186
0001010000101111100000000011111001110010111111010100
76028783824905
0100010000001010010000000111110101001111001011000101
5427
1111001101110010000001011111011111010010100011011111
518
0101010110010100101010110010100010110000011101000100
173533007981662
1000110111101010001000000100100011000111111001001111
11200
0011100110111000001101101010101011110011110110011011
3
1110000111100001100111011111010000101000101011000101
159035
1110100010001010000010010100100110001100011110001010
995928277427346
1011000001001100010010000011011111111001000000110000
454595812812
0101011101111011011111011000011001001010010110011000
2943
0000001101110010000011000111110010001000111001000111
906460
0110100001001101010010010011010110010010111010100011
155
1111111110001001100110000001011110100011011101011001
9039955652802
0101111111100111011001001110100011001100010100000001
6317
1110100000011110000100100101010100111001011011000010
81629841714629283
1110111010111111101110010111001000101011000011011111
748546
0110010100111010000010101010110010111101011010110011
280026464
0001001110100001010011010101100001111101010001110011
544268621781
1011100111001100100010011110011001001110010100100101
453553837
0010001100101100010010001010000110101110010100110111
99055
0101000110011000110011110100110110001101001011010101
52957
0000110101001011000010111111010110101111001011111100
60233677815
1010010101110100111011011000011010010000011000000001
613244813770
1001000000111110000110100001000010011010000111011010
289196478704641
1001000000010101110001110101011010011011111010101010
8185680380
1110111011110001000110100001010001011000111111011011
18
0000000000000000000000000000000000000000000000000000
29268261894818172
0011011110000010011010101010011011001011111000100110
42
1000100001001100010110100010100101011000001011100101
676939
1011010011001101110010000010011000100100001010100010
239493925406
1011111101001101110111000010000000110001101011101000
1475
1000001010101011011101000101011110101101111111010010
472453511562
1010100111100100100001110111100101101100100111010011
748767482
1011111111010110000111100100011111000101000011110110
40149518724298180
0000101001101111000110010001010000111111111000010100
43579717324866864
0000011110000001110011110100110000110000110010101001
47114
0001000011111110011010001000100001010110001110001001
4082949632
0011000110101110000111110110000101000000001011011110
97716949353865345
1010110000010010101010101111001110111110110100110011
65241569479
0101000010001110110100100001111101101101001110110110
44547235059295531
1100110111011101110011111100010101110111100001010100
844051917546
0110111010001101001111000111011111101100000100111000
569442680169436
0000011111011111110010100100110000010000100110111000
35
1111001100100011101000111010010001100010101110111000
8044
1111011011100111001100000011101101110011000001011011
50617244
0011111101101101101001100011001011111001000100100000
84065050
0001001001010110100000001101101101000011110100111101
8812136451900985
1010010111101010011001101110001100101011110111100100
8213452
0010001110010110000010011011001111010100100000000110
8774511164
1000011000000000001100000010000101000010101010000110
37659381032573
1101100000010001001011011111101000110111110101011101
21893146215765
1000110011011010001111001101110011010101010101111110
597634
0101010110000110010110110101010110011101010001101010
289179206742
1001011011010001101101100110011101011111011101110010
33418
1001111001000111000000110111111100000010111110111011
6248543890080601
0001100100100011110001011010011100101000110101111011
72
1111001101010111101011010101001011001100111010111010
4008687105
0011101111011010111010110011000010011011000001000111
130418767952
1000000100101001111001000001010101101000010010011101
19012878346
1101100000011000100001011110101000001110001011110011
563
1011010010000110100000101101100001111000010111000010
6077143204565035
0000101101111110011100110101001111001001110110111010
19226
1001111010010100110000011011000011110010001100010010
55
0010101011011011010111101001010100000001110001001100
97158771884736
0000111011110110000111010001011010001010000101011000
315487186487222
0110011000011100011101010001111011110101110001010010
70719646429493
1011001110010011111001010001101101111100001100110100
3365
0000101111100101111110010000101000001110000000100001
41920612235304939
1110001101010100001001110101111100000011010000000000
36456444403
0010000010001010000100000110111010111111111100011010
4619009536604959
1010000010100000110011111110111011010101100101010001
2234093
0101110111000100101001000000101000110110010011000100
7092541254
1111100111100001111100110001110000001000111110011101
273
1101001100000110010110001101100100111010011101100101
86365107
0101000110110010011010000101000011101000001111010001
879483950483
0110010001010110100000000110000010100000001110101110
272096
0011010110011111101100001010110000100101110010011010
7945819285
0011100010101101011101101100101000101101111011110101
907290278898
0100101111110010000101110001000101101001111101000110
371
0011010100001101111001111011101100101001111110010001
902230443
1101010000100110100110000011001101101011011110010010
3485319004740149
0000110101011010000100000011010010011000100100011110
71454231
0100100110100101001010011111101000101000001100010000
31274092
1110110010101101111110101100101010000010010100100011
13104451
0010001010000100110011000011110001011111000011011011
45813
1101111100011101000110110100111101101011101110000111
208206330
0010110001101001111000011110111111111110000101011101
14
0000000000000000000000000000000000000000000000000000
56439128107
0110101001011101000101010010001111001101010010100111
456564
1010001010111101001011001010111110110010101011101110
829
1110001110101000001101000101001110101100001110110010
4762795
1000110101101011000110111111011101001110000001011001
29110221573
1010011001010011000000011010010000011010111010101011
852084
1110011100110010100111110110101100011111000010111010
790887
1011110111000001101101000101110001111010001100110101
1336280
1110000101001000011010110010011100111101010110001000
25276350
0000010111100011011110011001100101111111101110000001
67890551167383176
1001011000011010110001110110100010011100111101000001
2366430498727591
1001100010101101100101010011010001000110010100100001
591558
1110110000001100110111110111100011011110010110111110
2145948914618579
0010110100011101111011100010110000100000000011011011
828326
1111011100011110111011110010100010111110010010110100
9405621194558
0011101101111110111010100100101011111001101001010111
219
1101001100111010101011011111101111011111111010100001
873790387614
0111100100001011011000101100100001101011010011110010
66415619669070782
0010011000111000101100000011110011001110110011001100
71384
1010010100001110100000011100110011001111111000010100
1
1110011011111011101110010011100110001000101010011000
49
1011101110100110011100100010110011000000110000010010
22676138
0001010000110000111100110111011111001100101101100010
924
0110111101000101101010111101001101010000101010101100
7096245225635
0110000111101110100011110011110110110010001010110100
8724
1000011000101010101010000011110101000111111100100000
19
1111111101000010100011111011010111000111101110100000
21456225
0011000000100000001001010001100001100001011000111101
288
0100100001000110101000011000010010100000101011101010
5254079051
1111100110000011101110011101011001111001000100101010
9824697131
0110110000100100000110111011000111001000100111001100
87132440
0010000100001100110010001111011000010100011001110110
53
1001001101101111100010001010100001101110000011110000
264140
0110100111101100111011011100110100001101000000110000
1000000000000000000
1011111010110001011110110001101001000000000110101110
17
0011100011110111001001110000100111011101111010000100
4692668
1001110000010111111110101000010000110101111111001000
97527
1010100100000000101010110001011000100100010111010000
2424207987
1111111111001100110110100101000001011101010010111111
54650047748
1000110011110011001000101111001100101001000001000101
832240363
0111100010011111110110111001000001010000000000111001
316653698210
0010111000101111000101010000000001111111110111010110
1000000000000000000
0011100001001111101100000111101101001010111000111100
2790765704685914
1100001010001010101011110100010000000100100111110010
23325190242454
1111101111010011001010110011110101011011101110001101
7392
1111010111010101111101010100011011011100111101011001
23
1101101000011011110001101001000010010011101011001100
1987369212678688
1000101011001010110000010000011100101111111001001110
3312005222248
0100000110010000010011101111000100000100000010101011
25602
1010101010111011100101100001011101010001001100101011
3214
0100010100000110110110011000001111110111000110100001
63190
1110000011101011100111101100111111101101010011001000
754409484
1101001100100100101011100001101001111101101001110001
197558766
0001010010001010010110010110001101111011011011010000
742129019539
1101010010100011111101001010001110000011000111111111
10595133
1110111010101011101110010110111010011011100000000000
16
0000010001100000100001001100111001010101000011011111
2
0011001101001000000001101100000000101111010001011110
8
0000101110001001011111000001110100110110010111110011
993451
1110111111010011001110010111100000010100110011000011
396907207562
1001111110101110111110011011111110110100101001111111
9
1100011000101011000101101011110011000101110110110010
388927318
0000001001101100111101110101011101110010110110110010
4995
1001001011101010100000110001001101110110110001100110
13
1110001001001000110101000100110000011000101011001001
64680153889464
0011111001010001100111111110001010101000011111011000
37062549434
1000010101110010000000001100101010100000000100010100
518833
1010100011000111011000100001110010101101101100011111
819671097584
0001011000111100000110001001100000010010010100011110
559
1000011001101110011000001001100101010100101100001011
171627778541
1000011101011011110011100101110100111100111110001010
66205576
1011110000101111011001100011111110111100000000000101
8
0100010000000100011000001110011010100100110110010110
2716
0111010000101100001110010011111110001100000110101010
9572843029663086
1110001111110111100010001101011010101101100101111001
6705484431
0010110010100100010100100100100111001101110001101010
298954343
0010111101101000100001100000001000110011101010110101
2
1010001001011000110111000111011100011001000101100100
1217781497
1100000101111110100101001010101111100101100110101001
5268467103
1100010101111111110100000001000000110000100110011110
535841051388
0000001111010101011111001111011001101001011010101101
3970619
1001011011101011001001011110001110110100001001101111
752946089
1010111101111000111011011010101001010001011001000001
7242479
0101011000000111100100000111100000001100011101101111
49
0110000101110000110011000011000101000110111001111001
24856
1001001001111110000011000001100100011001001110110001
9
1000101111111110001111001100111100100100101011000111
3948922705587441
1100111011101101011010111001010111100100101101101101
5
1011001101101001011011000111101100101011100000011101
4748
1110000001100110111101110111111111001111000001011110
215259975
1101101010011010010100001011000101100101101011011001
239
1001110001000110010111001000010101110001110000101101
48
1011100001010011010111000100111100110001010101101111
81803194285
0100100001010000000001111010000001100110001101010010
33144189
1110100111110110000011001010000110011000000111001111
2568702076
0101001110001110010100101011010010010110111001111111
17
0111001010110100100010111010000000111110001000101000
9
1001110110001101111000110000001110100101001001101000
130248103013215
1000011110101110110011010110100010101100100111101000
862714668686898
1111000001110101000101010101100111001111110111010111
30
1000110111010110110010000010110011000011001100101001
68176598585155637
0110100010010111101100100111101101111101001101101000
83
1000101101001010110111010110110001111011010000001101
997235769718
1101011110011111010100011100101010011010010111101101
11
1000011011100001010101011111011101010001110101010100
284244052415098
1100111100111010100010001110100000001011110100001111
15
0000000000000000000000000000000000000000000000000000
7
0000000000000000000000000000000000000000000000000000
1626672708
1001100100001010000001010110101010010100010101001100
53641426541
0100011110000111101100010111000010000001100000110111
164740827363
0111110011011101101010011100001111100111100010000111
60472456914903190
1111100111101101010011111010111000010010100001101101
2307
1110110000011101001010000110101100100010000010101100
833197
1000000111111011011101010110100011000000001011110001
31308271517
0011100010000000100110101100100101111100010000011101
9616296922
0110110111100111100011110000111011110000110000011000
6527
0100011110011011010100010111110010010000011001010011
57944913902401264
1000000101010111010111101111010111110010110100100001
21
0010011000100110000110010100101101101111100111010010
5527184187
1010011000001010101000111010011111111011000011100110
19
0000000000000000000000000000000000000000000000000000
1638543083102
0101111101011010011100100010110000001011100000000000
799283288637287
0101011001111011111101100011111001001010011000011000
22029022779408
0101100000100110101101100100011111011011011101111101
646596214477
0100110101010100001110100100100001110000010011110001
47
1100100111111001000000011010110011101001000100001000
94239894
1101010110000100001101110011101011110010000010110100
7233583433355
1001001000101110101000000100000101000001011001101010
5312749874
0101001110011001011010011000100011100100000111110111
27212674914142006
1100100001100111011100100001011101101111000101001111
3903824621524509
1001101100101000011001111110010111000111011001000010
3
1010101010100111110111010100001001101000010101111101
73
0001001100110001000011110110101110111101101001101001
76595786738
1001101011100110000100110101000111001110100110100100
7775024275058
0011111100111110111011001001101110010010111100000010
55155345468764
0101011011100001111111110001000100101101110010001011
34079797
0011000011000111111011000010001010011110011011100101
5474420718740
1111010111010000010010110011001000010011010111111111
99708599648609254
0110101011110101100100010001101011100110011110000100
427542848
0011000100100100011111100001011100001000011001010101
38504478117879213
1001000101110011001001100001111011110010000001111011
8764612363
1110001111001001100101000110001000110010011110001001
334740915
1101111011101101000111101110111110011111101110000000
8
0000000000000000000000000000000000000000000000000000
708124595
1000110010001000101001010001100110110011101100111000
9460038495441
1010010011011100110000111111001100110101101011101010
57768615
0101001110111000101010100101110101111011011100000100
3775
0010110001010111110011100111001101010000111010000001
984704478623
0110101011100101011100010111101100111111001010100000
1729365329377334
0110100100001001010000000011010010100110011011001111
82
0000001101001011001000000001111010111110011100101001
25746055254950
1101000111010000101100000110000001100010101011010011
442447
1100010011011101100111111110010111011010011011101001
35706045
1000001110111000011101101101100011100101010010000101
1183818553367050
1010000111001100110010011011000100011001101101100110
15287912469172
1010001010110110010101110110000100010101111011111100
15242
1010001101000001011010110011010011100001000100100001
6
0010001101010011110111000011101000100001011011011000
41832869
1000101100110000000001100111111011011111011110100010
1000000000000000000
1100001010010011111000101101110110000111111010010110
597
1101011000100010000011110111001110111000011100100100
6
0000000000000000000000000000000000000000000000000000
717352
1000110101111011011100110111110001100010010010100100
951117301076738
0000001011100100010000111110111100100011111111000110
37841115824014
0001010111111100101001111111100010100001101111111001
6821214279207332
0101011001101000110011001000100011001101100110110110
9166363
1101100010011010001100110000010101101011111001101111
72518988750
0111101010111001110110000000101111001011101000000000
5896445651889
0010100100010111101011000111010010001000110010110011
1060969239335
1010100001001010001000010111011011101000011001001001
865238227
1100111010111100001111000011010011110010110111101110
4271572095427699
0001001011001001111111000100100100010010001101110111
4
0001101000011000000100000010111010110100100000010010
27210436
0111111111001101011100110100111111011111110110100001
85877286565349
0101101001001011000110111111110010111010111010001001
62083818904
0011110000001001110111101111100000110100010000010101
43
1000111000111110011000010101111101110011101011111110
26844050
1110100100101100111011110110000100011010011111011110
79992
0000010000011010111000111101011100010101010111100101
8
0000111110111110100000110110000101100000111111100001
8659
0111100001011100110111010011100001100001000100001110
166218819069
1111001001100111001111110010000100101100100111010101
696107484178923
1101011011011000001110100100000101001101011110010000
9729919425560758
1001010110001101110111100001010111001110100001111110
67784422603333649
1001011001001011001010011101000010101110001111110011
5892810085606
0100101010100000100111000100010010111111000001111001
5
0000100011100000111010000101111001111001000111011001
42704827390168
1011101100000000101001010110101010110000011110111000
20
1101100100010000100001011011110000110010011010010100
904
1110100110010010001110011111101110110011010010111101
7926264365647049
0010110111101111111111001011101100111100101110101000
9209057001811751
1101101101010100011110000101001111001110100011100110
78
0000010010110001100001011010010110101010100101110001
41940611
1010001101111110100100010000010001110011110000100101
91614787572760588
0111101101101110010100101101001101001011111011011011
3085671129120
0000110111100011001110011111001100110010000100010011
1868726689
1100111101101111011111110101101000000000000011011010
757103
0111101101011110101100100011000010001110001110011011
89081630
0100000111010011110100011100010111011001010011110011
8
0001010011111110000010010111100001001101001001101100
664095484
0101010011111011101110010010111110110100101100110111
63248082586409298
0100100110000100110111110010111110000000010111111111
81804259092784
0010011100000110000100110110101001110010000011110101
66663536252719623
0100010000111000100000111001110000000110110100100110
41215250
0001110010010011110001000111101101100101101011111101
973
1111011000000010000011010100001001010110110010011111
922
1000100001001110011100100010110101011000000001001011
48347
1011111011100001001100001101010100001011110011101111
132198369055555
1000010101000101101100111011110001001000001010000000
6662133607
0111111101101010110010011011011101100100011110100110
372951461
1101100101101100000011011111100011001000100100111001
24
1101111011100001010010101101011101110010001111001011
7356
0001111000000111011110111100011101010001010101101101
2824446658
0111111100111111011000010110110010110111011101100000
2572830801
0101111001110010000000011000100110111010111100001000
67385700284952
0011110101110111101111101100110001011010010000110011
12
0000000000000000000000000000000000000000000000000000
6770562144
1110101000100010011110101100101110111111111011011010
400198478960
0101100010000001100010101001000001110100110100011111
3536044167021926
1001011100001000010101110110011111100000100110010000
8
1000011101100001000000100101001000110001100010100001
69572021323560
1111110000100001100011010011111110100110011010100010
8250321
1110010110100110010110111011001111110000010101011010
5043871350
1101010111000100000001001101010001011110111011011000
2249
0000110010111111010111000011100100001010000110001001
391269
1100110100110110000000001001011011101110100110101000
26908469503
1111110111111000100001011001100001100111011101000111
62
1101001000101000001001110110011111011010000110100000
8370812217668063
1010101001110110101101001111001101000100011101010110
408
0011110100000111101110010100000001110000100001001011
7288625
0011101001110110011001100000010000011101001110011011
52
1100001010111010111000111100001001010010111011011110
4845428160942067
0000000111100010101001011000101111010011010101101000
54090621361744265
0111111000001101101101100101001010001111110101001110
93404753399359
0000101101000001111000010011110111001011110010110001
1732
0111011010000011111110000111101111100111000101000000
8758342
0011010110001001100000111011010100011010000010100110
24740455
1100100011000100111101000111001010000111110100101000
2945000
0010101110010101100010010001001100000011011100011101
5970485
1101011100111010110010110110001101011010111100001001
26343
1000100001011100111110101101001001110001101010000010
44268586
0100100000110011000011101111001010000101100100111010
244
1111101010010100110000001101101100011010100110110011
22
0110111011100010010010011110011101101001011111011000
72264626403220
0001100111100100001110010011000110011000011010101000
57830
1001010010000110111001000100011101001001000111111111
59677870416368688
1010101101101101010010100010011110000001110101001001
42142678989
1010110111100110101111011101101010110110010011100100
63109469389022120
0011001111001010101100011000011001011001110010011000
2
0110110001000010000001110011110100011101101000111001
9157284139294414
1101111001101100011000101101111101000110110010111100
144445497968766
0011000110100001000001001111010011111100101111101000
928348422833643
1000110101011000111111110000101101110100111011011010
569791095
1111001001101111110011101010100110111010100001101000
7
0011011100110110001010010000000101010001100110101001
4027424298966
1100001011110111000011000000111001010000111000101010
1677210000093089
1010101010111111001001011000110110111001110111100111
44552
0100110100110000000101001111110110110000001111111100
31533
0001101101110111100000111001111001001110011110000101
29541818
1001011011010111010100011011010010001010101101000100
1000000000000000000
1110101100100011111101011011100110010111111101010111
3699125560966
1011010010001101000010010100000111111101100110110000
4287
1110011000100100001000000111110111010111001111000111
9340935617935
1000101110111010010100000010001100100110100111111100
222582751844
1010001000110001101110111101110100101011100110100101
77044084
1111010111101100001000101111111111101100000100000011
9618805944
1100001100101011001101100011010101000100111000111001
11903212491172
1010011011100001010011111011000111001000001001010000
812979213293596
0100101001100010001101110101111111000111110101010011
3
0111000010110011110011000100011110111111101100101100
82
0110110010100011101001000110100000000100111000101100
6631058
0101101010100101000101100100011100000101011100010000
9724
0000100111001101001000100000101111011010010001111000
735260665056
1101110011100101000010101011000011100001101110001100
62258455012055735
0101110110100010101110111110000001010010101100110000
12
0111011001010010111000001000011010000000100101101001
8753910417986
0001011000010110010001010010110111000111110110010001
706
0111101111010110101010011000011011010100011110110111
8668752986897398
1110001111110110100001111110111111001000000001000010
871018289070
1010100011010010100100001111111101111111000000010100
4546788130765
0111101010011011001111000000110110101000001111011110
8
1100000001000011000011101010010000011011101010000001
25077173399
1100101111011011000000001000101110101010101011010011
4258335217149
0001010110010101001110000000110111110010001011010010
93
0001110110000111001101001010100001101000010011100001
874
0000011111011110100010010101001011000100110100101111
30737368245650
1011001011110001101010100001110100101011100101100111
9
0000000000000000000000000000000000000000000000000000
276
1101010010011100101001100110011010000101010101111110
138320649553
0101100110101001010101000011100000011000011111010000
1910
1100010011101011101110110111101000111110101011001110
334299178
0001101110000110111000001010100011010101000110110101
125963799653
0001010110101101000110011110110011011100111001010111
90720284022321010
1011101001100101000111100011100100111100101000100110
37
0010110010100001101010010000001011100111110111101110
21889761712082771
1011011101001101111101011100000011110101001110000111
29
0010101100100101000111000111111010100011111100000101
86796306
1110001100000101110100110100000101110101000100100001
5159829629262
0001110101100111111011010001111101011000010001100011
994160
1001000000010000100100100011010110110101111011011001
7370812
1110101111111000111001100001011001010110010011000000
6293
0100111000001011101101100010100110001110111110010011
66563
1101100000111010001000110101011001010111100100001000
71389
1101000010010000110100010001110101110011010011010010
938749
1100100011111100011000101101000001111010000100111111
632122642016379
1100011011010011010100101010111011110001100000001111
2309496684399968
0110001110110001000001101110000010010011000001011011
81993184
1100010111100000010111010000010010001001101111011110
524172
0001101101000001010011110010011000110000111001111011
7489134659531576
1011111110111000000111011011110101100111101111000100
5043234
0010011010100110101001110100001011001000011111010000
5
1110110001001000110000101101001011100101001101100110
78061173890000
0010000110000010110111110110110011010011111010001100
91230656182677118
0111100001010000001100100100010001101110011101000001
821609043467
1000000011110110010010010100101001010101001011100110
1000000000000000000
0110100011111011110010011010101010111010010010111110
854750227
1001000100000100000010000000110010010110110100111101
792
0000110000011000000010111010100110001001000100000111
2671246031424
0110110110111101100100110011011000010110100010011000
5
1010000011000100000111111100010110101010100100100011
680548
0100100010101111111100010111011100111010010101111001
461
1101100011011011111100100111011111111000101010100000
50
0010101110100111101000000101001101100001111101101011
3731621
1111011011011011000111011101100000010000100110001000
6302002332563
0111111110010100110011010010010101010010101111100010
72940311185467898
1010011010110010100000000110000110111110111000111010
9643217896
0110001000100100111100100100011010110001000010011010
48118220735
1001100010010111110011100011100100000010100011100100
8330699
1101001110110110000000101010110011110110011110111010
31
0101100100100100001010000000000101010110010011001110
45
1001011010010110000010111110101111111111111011011110
40
0111000000001000111100011110101111110011001010011100
563084477112732
1000000101100000000011111011001010100000100101110111
375934844133
1100010010110000110100111100000101001011010100101000
2970688479517318
0011111011001111011000100010101100110101101011101110
93584360767
1111101110110011110010111001010101110100100000011000
2252831059
0000110111101110101100011101000000100101001001000001
10
1111110000111110001010101110111100101011110000010011
3465746821
1110100100001011110110011100101111111010110001101111
32
1010110100011001000000111101100100000101110011101001
476231082
1001011010011001011000111010100001110101001001000110
619605106
0100010001001001100011001010100011010100101111110111
455086980956
0010010000111001011100001101000110101001100000111011
929474258760
1010000010111111000011010010000100011101000011010111
992306
0100111000111010010000110011011001001101101000000000
3816
1000000011010000100010011101111111100011000100000110
50218877782103
0100010111110100011001010111110111111111111001010010
85068
1011011110000101010001011011100111000000010110110101
8376565228150984
1100101101001110101000000110001001100110011011011111
9156
1110010101011101110011110000111001111110001111011010
16190262
1010100101101101101011111110001110011100011000001111
92628610993
1100110011100111000110001000111100101001000011010011
27
0100001000011110001010000001010101101000101100001000
54253785405272502
0101110011101111101110100101010110000110101011100111
4
0011011100111101001110101101001101101000100011011001
58031
1101101011110101001100100101001101011010100110000000
9768
1100101111000111001111100100001111010010111001101011
692072723301
0110101101101000111011100111011110110000111110010001
699
1001100100001100000101111011000101001011111111101001
2669
0001100000100010110000011111110000001100100101001111
103642
0000001001010101101000100001100001001110101010000110
775
0101000001100100011110001101100000001100010110010111
488758619166539
1111001100001011100011001000010101110011001011011110
2
1101011000010111010010010001110100000110000110011000
792472248076326
0111100110011110111101010100010110010100100100011011
1
0010010100010010110110010110111101100100100110000010
1
0111100011101010111110101010000101101010101010001111
31818
1110100101010100110111000001100100110100100101111100
540613660141370
1100011110111001010001110000000111011100010000010001
10
0011010010010100110101011011001011000101111101100101
9
1100101101111110101011111011010010100001100101000111
2379390992
0010101000101010001110100100101110000110100111011010
18982674007353
0000100000100100101100011101100001101000010101000011
61746028610806531
0100010000000010100000010001101001001010100110000001
260966136
0100011001100100101010010100011101111010000100001011
262812
1101001110010100010010111101100001100000001101010100
191082
0100110110110110111010001111111000100100110011011101
6428
0100001111011111010111101100001101110111101001110011
1061557
0000111101001011011100101001110011011101111010100110
1000000000000000000
0100100100110111111011110111000000111110110110110111
19312680585402
1000011111011110110101110001000011111101011001111101
4257016607370
0000010110001010101001010000111101100011111110010010
381673860146
0000111000110011101100111101110100111011001111101101
29014
1010001110100101110101001010001000010100001101101101
19454263164994579
0000111011001100000110001110001110110011110011110010
991985836412
0010000000010011010000110110111110100010000000100001
7352076582986
1010001100010101000111111001101100111000011101100010
50193384
1000110001110010001010010110000110101011010001110111
5253126
0101011110010110111101000110000011001101101100100000
2036279996
1001010011110101000101010110110110110000110000101001
8172
1010111111110101100111001101110010000100111111000111
898839
1101010111100001110010011000110100011110100001101110
9770295024272
1110011011000111110111111110101110100111101111101111
40540472427336092
0101101100011111010100000001011000111101011100100001
6164331118524
0101001011110001101100011011100111010000011000111001
88334
1001101011111100011000001101101110011000101100001010
6
0101110001001100101000000010100001010111011011111011
3045885857
0111100111111100100111110101000010100000000110101001
9342036
1100100111101101010010101100110001100011010000111111
4
1001101101000010010000010100011101110000001111001111
591034
0000001011100010110000111000011100111100111001000000
19226
0100011101010001011010000000110101111100111001101111
64513044534245128
1011110000110001111011011110010101101011001100111100
6286420
0101010001001101010011111101010100011101101101001010
78596962053652
1110001100001000100001111001101011100001100110100011
7
1001110011100101011011100100010001111101100101000100
26623059334
1100100111001100111101001010001111001100101111010100
619954410193
1011011100110011000101101101000100011100000010000000
623976483305
0010000110111101111101101001101010110010010101001011
6175
1011011100000011010101100111110000001111010001001011
15
1100111101101100111101011111001111000111000100011011
526
0100011101000100111001101010111100101001010010110100
665282317106
1011110010001111111001111100110010000110001011110110
2758477
1101001010111000110100111001010010110001001101110010
28
0110000101111010101011010100100011001101111010001001
43833
1000001000001011011001000101111100111011011000010000
80634006789
0000110000101010011110101000001111001101011001011101
954858662
0100001010101111111010010010010110111101011000110000
34667490585
0111001100101001000101110001000011001000010011110000
4
0000000000000000000000000000000000000000000000000000
52880421375370756
1110100101101101110101101100111011000001010000000110
7
1010010110100001110000101010101001000010010010011111
9
0101111100001111101010101000110100101001100000110111
670
1000001011010101110000011001100110001110101100101001
5
1000101000110100110111110110101110101001010011000000
4806427014091
1101110001000111100000011110110100011001011011100011
801036395325270
0001110101101110101101101101010101110011001101010111
1000000000000000000
1100110100111111101000100011001010000110100110010010
936854300157194
1000110110101001000001011111110111110010100001011001
243699
1110101010000010011100011000001010011100011100110011
803
1000110000010111011000101110110111011011100010111001
16061
0001000110101110101111010011101000101011111001001010
13551267
1100111110001000100100000110001011010101001001100100
15
1111100001111001000011001000101101000010011011001111
42135681731432
0001101110011010000100001100011111000100111001011000
405578231367518
0001110010101100010001010101010011011001010001110100
62190167
1100001100100010010011001110001011000111010111011100
56067572179
1110001110101001100111010111000000000011001110001001
861566626699
1010011010010010010101001010111001110010101111011011
759585058
1011111101011101000011101010010010111000001010000110
3030387634
1110010001100010111000010011010101000111100001100000
3
1111011001100111011101011101000011011011100001010100
39950427549
1110111001111111010100011110011100001010000111101011
76821
1000010100011000000100010011000000000000001010001111
33867638000923
1001110100001000101010010010001100011000011110000010
98383291320848079
0100001111011101000100111001100111001000000101101100
910371
1100110101000000100101001111110000011100100100110000
5550
1001000010110100011100110000110100101001111111100111
1334931
1100001110010010000001011001000110111000011111000100
3
1010110111110101110001000101010110110111010010000101
893333
0001100101011110110111101001011010000010000111011011
205821531111
1110001101110010100011001010011111010010100111101000
14
0100100010110010000101101001011101110111110011000000
552029432289
1000110100111110101011010101010101011001011000101110
64545123214724
0011110011011010010010010001001110110100100111101001
99
1111001110011101101000010110010111100111110000111101
13
0011001101111011010011011100000111101101111110001110
365027
0101110110011111001011111001110110010001001101101101
27496026145083841
0001001111110001001110100000010010001111110011001101
555591047
1110101001001001011010100010110111000111110101100111
97155551089
0111111001010110010101111010110010010010111000010111
2
0000000000000000000000000000000000000000000000000000
22902436829
1101001001110011110001011010100010001110100001111000
650110813023
0111001111010000101111000111111011001101110000100000
526
0000101011011110011111111011100101010111111111000001
61408846
1101110100011010001110101110011110001000100100000011
3907740
1001000011011000011101110101111000100000111110000010
721353103
0111001011101001000000010100000010010111100001100101
913669
0011100010100010100100100100010001100010001000011111
45833860272380446
1001010001110000110010111111101000110000001011100000
651143237327
0000010000100010111001000100111011001011100111111000
695539728030
0000000001111111100001011111011000011100111110111000
26
0000101100011111101111100100000011101000011000001111
390752399516
1011111011011001010111100110010001000011001100011000
36958617318393
1100111011101110011111100110011111110000111110011100
2866409846
1011010100011001010111001100111000010110000100010010
92
0001100001100010000100100110011110101100110000101101
974348996
0010110010101111010111111011111000000001000100000100
599886822430
1001110001000110110000010000110011000100001110101100
4005445213373978
1110110111011111110011111011111101110110100100001101
52143725865
0001110001100110011110111110111010100101111011000011
199
1000000010011100011111110010001100110011001111000011
93
1000110101001011000100111111000110001000111001011011
6
0001111101001110100101001110110001011001001111111100
7337047725
1010110110101110000001110001110011011001010101111100
976787512604
0101101101101001100010110111010110100101011111010000
25560323
0110001110011010001010001111111000011100010010000111
16047
1000111100001010000101010110010011011100000100011001
23609756
1100000101100011000010001000000100100010000111011010
935987284904320
0110001001110100100010101110111110100001101000000010
91679614553810
0000011010110010100111111100011001101010100011110011
46
1000111111001010010011010101111010010011101111011000
3463718088190
1010111011101111001101110001001110100010111001011110
672072839897
1001101100101011011111000010010100110111111000001001
838
0101110100001010101011101111111100010111100010110011
2846052036002
0000101100101011111111000101010101011010111001010000
43
0111100001110011000110000100100001100001111010011111
10
1101000100011000100001111010010011111110010011101001
123
0001111011011111010111001000011000110101000110101001
281105678353
0000000110110001001111111110001101111101010100110100
19882698285
0110100000010011100001100101000111101100010010100111
887959002519418
0001010001100001111001100001011011010100101100001001
437782596648
1100001101111101110011100100111101101001110011011000
2
0010011111010100010111111001010010101001000110000001
5960543672317
1110100000010101011000111100111000000001010111001001
19
0000000000111001111001000101100000111100010001001001
83121384487987295
1111100011100110011101101110100011101100011000001100
10227
1010101000110110101111100001101011101010000101000100
381462
0010101111011111101000100000110001110001010011001111
7320647017638
0111110001111110001000001001010100000101010001110011
4582755
0011111111100001101111111100110101010001101010000111
770061003231
1100110100100100010101100010110110011010101101101001
41
0011100001000100111010000001111100001001100000010010
2
1011010000000011110010011001101011010011011110011000
550
0010100011011011000000011100110100100111101010011000
84978109928321
0101011101001011101000101010011100000110010010100110
314
1101000100110101010101101111011001110100110101101011
584656314963
1000000100100100101011000111111000010000101110010001
641
0111110100011010001101101001101010110101000110101011
491449
1001111101011000000000000100111011111110000101101011
87433490097
0100100110100011001101011111000110110000101111100011
5470120748275
1101101111111011011001010010010011110100011111111011
9
1111011101001011111001110010100110101101110111110001
1910037
0011010111100011001011010010100100110100011010010100
47
0110110111001110011111010101111110101001101110001101
632923
1011101010110001110000011011000111010000100001100110
67776
1011000101000101111011000000010110000001000000111100
9012807456
1010000101111111101001100010101011101101000101110110
64545
0111011001011010111001000010111000110010111011110111
5799
1100111100001000010000011111110100110010000101101001
44
1001010110011101000011001101100001001010010101011111
859391606728657
1001100001110100111001110100111001011100000101010110
6854664595828
0011101111100101010000100001011010111101110001110110
2669954199044
1011010110001011111111100110001001110110111011110101
3197434959097093
1000001010100010010001100000111011000010111010101000
85237939408
0011001000001101010100101101011010001110100110010011
11
0111010011110000001100101100011100011100010001110111
540
0001110010100100001100010111111110010001110111101100
4650291293
1001001110011100111110011110010010100100000111000101
154283712567772
0011101100101110011100110000100000010011001001001111
6427844622416
1010001010111110101111011010111110111100000010001011
990937751
0100100101111000010101101111011001111110100101011000
9699558337521514
0001100111110110111001010001001111001011000011101010
7714653724666487
1110111110111011011110010011111101100001110011101100
7622
0111000010111110000111110101100100000100100010101101
91
0101001111110101000000011011010000000010111010001100
11568522652471
0010100000000101011001100111100001110011010100100011
52615700597
1100011011110010000000000111001100000011111100101010
2811032
1010110010000000111001011010011000000110101101000001
123154820355
0100101101100010010000010011101111101110001111110110
824731788
1100101111110100110110100000010010100010101001010101
814996519619
0101011111100001011001100011100010101101000010000001
7044605821659
0100010111011101110101110101111001100010111111001000
7351613043
1110101101101000100110110101001110101000001001000100
125013926490453
1011111010010000110101010010100101100010010101011101
83
1010000110010011001111010100110111111101011001000011
1634499
1011111101010000110001010011001110111111110011000111
9559479619
1011011101100000011101001011101100001001001101100001
5
0000111010010001000100001111100111000010101001110011
9705482019
1000011110100000110010110010001000111010010010000111
6799698
1011110110000100010011000000010000101111111111001001
95
1010110110100100001000100100101101101101100101010000
821676296567483
0101001010101101111100101110000100110101001011001011
219996604219
0101000010110000111010110001100100001001001100001001
68544385133
1111101000101110000101010000101010100010010101001001
957969136062388
0100101001100111001101111011011100010101000010100100
604996036905
0011001000011101011100011001110101100011010100110100
27
1110000000000011001110000111001000001110001001001000
763260
1111101011100001100110100101000011000001011111111000
6218905608
1000111010110010111110110010011000100001000010111111
47945725152
1010001111001100001111101011001000100111111110111011
76
0110000101111110000100000111111110110100100001111000
282657
0000011111111001101101000011101001011111111001101001
93
0100000100010111011000111011001110000000111100010110
362774250
1011001101111000000111000011100000110000000100101101
2051360
1011111010010000000111111010110111001010001001010110
54657282523
0010000100011010001100010111110000001111011110010010
892181320750
1001001000001001100101100111010110111000010111100001
167440631539690
1011101100000110011110110100001101111111111100111001
51340492940
0110111011010110001111011000111101010010011100111101
84356571346679
0101000100111110111110011001110011011100000101010110
1000000000000000000
1010101011101111101011111000000000000011100111101110
53580294
0110110111011010101011010101001000011010110001001101
60762
1010110100011011010111000101010111100101101101011101
896253913334
0101011010100001101001000000011111110101000011110110
2919186
0011101110100100000000101111100101101100001101100111
5489
1001011111010110001001100111000010010011000110100110
802
0110101011111111010111111011011010010110011101111000
44961038212840544
0101000010101011001110110001110110100101110110110001
18
1010001001011100010111100110000110110110001101000101
534599046
1100000101011001111111001110000011100010010111011111
33810152
0000010101001000100000010011011000001110011110010100
1251613091529
0011011100011010101001010110000110010100010110111100
48
0100111101010110010100100000111010111110010100111110
27254257017
0011010000111011000100000110000100010011000101010000
8512917652422
0011001100110001100001101000000001101011110010010100
5227051905942979
1100100101000001100011111110001100001110010010000101
1225127
1001100100100111010010101111010111110010110001000000
153
0000001101110100101001000001011100010101110000000000
113905077
0000100011110100111100011011001001111000110111000000
1509272
0111010101001011010101001101100110011001001111011110
6179416655392361
0100100010001101011110010100101011011001000110101001
511
0010001000000110001001101000100101100000100111000110
6
0010100111110010101010101011001110100000010100001100
398358722469446
0000111101000011010011000000100000001100001100100001
681333813
0101001111110110111100101010101000110010000101011101
42
0011111001010011110000101000101001001101111001001101
277630158
0001001101001100101011110010011011101101101110000001
140775598680
1010000100011110011011100011000101111001011010010100
290406909
1111110100010000001110001001001010001101110010000011
5
0000000000000000000000000000000000000000000000000000
8049
1101101110111011001010100100000001011111001001101111
59421677961615132
1001000000100000100101100011001110011101110010100011
84411151
1001001110010100101101101000011010000110011101011101
6791653733
0010110110100111000101000111011010000011011011101011
7815826842
0010111010101100101010100011110111101000001111110100
74578199516744414
0011111000000110000001000000111000011111110011110000
44760857304
0001111001100000111101110101101100101111110101110011
93644602102
1001101100110000011101101101010101100110011011101100
603788187499930
1100000011011111000010101010001001110100110010100000
276590292
0110110010000100101101110101010100011010101011001000
56
1111001101010101110100000111000111101111011100111111
77
0111011000000111101111010010001011011011011000110110
7871
1000101000111010111100100000111110011100010110000111
67153874
1010101101010100111001001111000100101011111100101011
65426673502803
0110110100001110111011111100111100100101110111011101
1836
0101011100110101110101010010011110011101001011000000
993
1111011101011011101111000100010100011000110011110110
919699269457397
1101110011110100000101010110101000101000101001010001
68510658322404764
0011001011001100100001000001000111011101110011100011
7
1110001011111100100000011110011001101110101010010110
61524
1000100011100001111010101100001010111100101110010001
166261268081
0010100100100111111100111111001110001100011101111111
129169322975075
0100101111111011101011111101010110001000111000101101
70729246737765
0111100000010101010001100110101100101111010000100010
877427275292
0010011011110101001000101010011110000111110110010001
21
0001001101000100001111011110101000001111001101001100
324598850333
1010011010101110001110100000001110111111000100010010
1700340458
1011100110111101101100111100000010010100111011111100
16
0000000000000000000000000000000000000000000000000000
200672193
0001100100000101110011101101001101001000100100101001
6304576624968207
0101111110000011001000111110000000110001001101110101
777550380869
0010000010000110000010101001110011110101110000100011
840014694030496
0001001001111110010010101000001010000110011001010111
39081551
1110000111010111011001010000101110101000111010110111
4621806
1010110100101111101001100010000101010011011010010101
989630717822369
1101111010011110010010100110110000001010101101111100
79937534569
0000101000011010010100011001110100110010010010000110
9591593
0000011110110010101000000101001101100111001100010110
11
0000000000000000000000000000000000000000000000000000
6159096403686178
1101101000010010000010111001100100110011000101001100
48372
1100110011100010011111001101100101101101010001010100
2011732
1110100001010001010110010000110010010001100111000010
29478
1101011001111000100011110100111000010001000110110010
515
1000001001111100100101111111101010101011011101001110
860459182
0000111111010111011011100111101100110111001001000110
238928
1100010010001100100110110100010000110110000101100010
12
1010011101010000101101001011100101110000010101110000
681309987871872
1101001011000101010011010111110011101000011010111100
3155549621692
1111111100001101100110010111001000101001010111010110
66809
1100110011000010000101101101110101111010001000110101
94854475701748176
0011011101010011011011000100010000010001100101011001
557299965638
0000001101011001001100000000001100101001101101011011
9
1000110110101101001000111100000101111010110101111100
50882933062
1101010111110001100110001110110001010010110100000010
790496116980980
0111001000000001000001010010110001101100111100001010
579131191397
1100011110101101111100111001100001010110101111100110
37165
1111100101001101001010001010011111010000011110101010
58474227660544335
0101100011101010000101011111111001001001001111011000
677
0110101010000001000000110001100111111001111011101101
9300
1111111000011101110011000111010101001110101000111011
31269552063228
0011100111111000101010000000001010000110101111001101
1107236316165
1001000101010000111100000001010000111011011011000011
376347659374
0000010101011111101010111111011101011001001001011001
26478728727311147
0000000010110111110010101111110000110110000001010000
9573958596307378
1011011110110000000111011001010000100110111011111101
807
1101010101100010111101111010000011111111011011001110
36
1100100000101100010000011001100110111000100011011000
2
1110010000000010101011010110111000011101011111010111
832549650238
1110010111100100000010111011010011110100110000101101
74900272419433638
0101100010000011111010001110010101110111010010101101
2879550543786681
1111100000000110111001111100110101000000001011100100
153165916951
1101100111001000100111111011001000100111110001111000
72095644700
0111010110000010111101101101000010010000101101100100
7
1011100011111010110101000100010010101100001101011111
2646803957942760
1110110010000001011001010001110001000011010000110001
1361856
1010111111010110101010000101101100000111011010100111
4407410
0110100011010111011100110010101100000010100010100001
628810010668
1010110000000110111100001010001111010010010001100001
253984685177285
1110111111000101010101001101100010001000101000010001
250
1101110010011011010011011000010111011011110111100011
98082273425409
0101100110100000000111010100011111011111100010010000
265
0111010110111100111001110001100001111011000100100010
8727
0110011000011000001100000010001110110011110100000100
52597583
0011010000011110010011110000001010101001101011110010
8
1000001000101001110111101001010010101010000000101011
93526972004503
1101100001101111101110111010111111111000110011100111
774286846635
0100100111101110100000010011000111010100011011001111
177666205054
0111111011111111100101011000100011010100000000011010
6961044331
1010110001110101010111010111100001001111100010010100
13182429590032975
0101000011101100101001011100000010111000000001001100
766911671742640
1011001000001111011101010101111011010001011010010000
8371485
1100011001011010111011011101000110011111011100110011
5020643854683775
1110011110110111000011111110000101110101110000010100
175195
0011110010011101001101100111111011100100000100111111
10
0000000000000000000000000000000000000000000000000000
7843
1001110000011100101111010001000100111000001101011010
490173
0110110110001111100001011011000001100100011010100001
138653211
0111001100011110110100010010100111111100001101001110
260127224097
0111001111000110111001000111111010111000011011000000
62181595745697187
1010111100001000010010011111010011110010011110011111
263
1000011001010110011111110111100111001110000101011110
8098451436777890
1110010100101110110101110011101001000001110111110001
897994901406259
0100100111000111101001010001110011111001110110111110
9528238815796981
0111111010101110011101101100110100101110110011100110
9450554978407
1100001101010100100100000100001010111110000011001111
6217
1110001110101011000000001010110101101110110000110010
7438
0101101000010010110110001101011101001000011100010011
629
0001011011100111010111101100100011010100100001110011
369704322
1000011100100100000110010111111111000101110111010101
9
0111101010000100010011101011110011100001000110110111
1135
0100110111100101011110011111010010001011111111110111
47961884732
0000000111010011111110001011010111011111100010011111
90059503858
0001011110100111010001101100100110010000011010010010
31635272709
0010010000110001001010010111110001110111101001101111
483208024099438
1100111101000111000101101111110010010111100000111010
85005840488210
0100101101000110111100001001010110101001000101011001
151
1000100110011101101101000111101101001101000101011011
553655
0110100001000001001011111101110000100011010110100001
472843
0100101010001000001000010110111111111110100001001100
59385319252
1110001110010001000101001101000101111100110101110100
128880589
0111110110000110101011101010001101010000011010110001
8609312589
1010100100000010000111111100101001001111110001010110
886040
1010101010100011100001111111011101011111001010110110
915674793753
1010000100001011101011111001100011011010100010000010
2489364
1011100100000100010101111001000011111000100001111000
18588
1001010010100001101110111110110100010000001100110111
61192747
1001010011000010101111001100000000101000110000101101
3719774806332
1100111111001001111011001010111010110011000101110110
87179
1011110001100001010001111010100111001001101101100010
8294703
1000010100010100000000010010010001000000011100010011
35075
0010111000010101110011001110111110000101101110110010
199254272949
1000000100001000100000110001110000000000001011100001
2631080
1100110001111000000101101110000111010000010110010011
360226720687387
0000100001000100101111001101111011010101110000000010
5571620493
1010000011011011100110010100001100010011111011000111
54
1010001011100011110001100001010010011001011011110101
55102
0100000010000110011110000101000100110100000001010101
625702
0100001101110100000111001101110110110000111101011000
607
0100100011111111100111010000100000101000011000000011
59805213891462459
0011110010110110111111010101100111110010101100011111
6913015847601672
1100101110101010011110001110100001000100111010001100
59436772119
0000000100001010111100000000000101111001001001001101
400510641194
0000000101001001101001000001100110110111100111011001
2703898246
0011101001000110001011111000011111011011110110111111
26085352
0110011101101101101010101011110101011111111011001000
358841
1011011010101011110011110110011010010011101101110011
20
0000000000000000000000000000000000000000000000000000
204992
0000110111011000000011111110011011111100111010110111
57
0110101110100011000000101000101010101110101111000101
863166418618225
0000000001101100001011011000100011101110011101011111
6235210
1110001100010010000001010111110110001001011111110000
318617
1000101001000010110010111110111001100111000100000001
99398
1100011110001010000110011001011101001000010010010010
398371567078
0100011100010101101001001000001111000110000110011111
23
0000010100010001001001000010110010010110011100110111
65958934427
0111000101100001011001000110011001011110101000001101
722868
1000000111110001010010010001101011001010100000101011
191635933371
1001000101101001011101110000110010010111101001010110
15357842
0111010000110000100001111101111001101101000011000111
19081971
1011010101101100001100011001010010001100101001111001
1
0011110111111000111101100010100010111000110111011010
45923944752448
0100100000100000101010010000110001011101110001101110
81114357
0001011111101001101011001110000000111000001000111001
86927059933
1110011100111101111001000011010011101100111111001001
4524053761461
0100011101101101001010100101111111011000101100110110
2966936490412941
1010100001101000010010001000100110100011100101100011
934644101300
0100010101010101111100001011000000000101010111011001
13536
0001000111011010110001100010000101001011101000100111
595977936796
1110000001100101000111000110000100000011010100000010
81749
0010000000000101110001011001111011011011100001010110
47247503823247
1101111101011101000110011100000110011010101100000011
90859187
1011110110111011111000111110111100100100101110011111
517956241
1110100101111010010000001000100100111101010101011111
3425059427203724
1111111111011010111110001011001000110011101110011001
69
1010011010010100000001100000010110010010000111100010
7816379
1011001001101000110010000110100101001111011010000010
844623247099
1111100010010001010010101110100100011001100100011101
36
0011011011111011010010110001011001000100010110000111
46
0101011010111010000000100101001110110100011011000100
44
0101010011000011101111001011101110010101001011000110
99625429085
1001000101111111101111010001010100100110111011000100
601322414674550
0010111001100000111110011001001101110111011101010111
93882944416245
1011111100001111110110011010001111111000100101000001
622491718693
1101111111110000000000001001100010100000011001010110
801609011007649
0010011000010000011101110101000110100010010111101111
368898712
0100111011011110100001010100111101000111001000101110
5
0100101010001011111000101001100111010111000001011110
73086
0011111111110010111001111000111101101111100010001111
513091942718
1111111111101101010100000001001001111100001001001001
1000000000000000000
1101110111110110000011010100110000101101100100011010
21
0100001010000110001000011010101001011110001100100111
13
0000000000000000000000000000000000000000000000000000
47638785215493
0000111100000100111110110011100001000111011001101111
97125
1101000100001100111100110011111011101000001100110010
899994518938
0010010010101001101000111110001111011100101101100011
65459383
0011110011010111100100011011001110100101010000111011
6369597689015
0111010111101101010011111011000111001110000001011011
131013910254686
0111100010000001111001010100000110110110000111110001
14
1100100001110010101001111100011010110011101000100000
32948013
0100110010100001001100110011101100000000100101001100
34
0001001001000110101111111101110101001000010011100100
1470408
0110001011010101010111100010101001010001111101001011
7055879555184
1100101010001100110011100000110000100100011111101100
4601136318
0010111010110010100100001100001011100001100000000101
30
1011000111110011011111111000011010100011111101101000
96238534521591
1010010000001001100100001000101001111001110000010001
827137743331
1000010011010001111001000100011101111000000011001111
3522049992
1011111001001000011111111111000100111100001010101000
3020633630923
1011011010100100010100001100011100100001010100101110
2116938256008605
0010101101011010011000101101011010110110101111100011
93
0000101011111110100110111100001001010010001011101000
1856756510714370
0111010111111001100100010010100011000000110001010010
40019801729920
1010110010011001110001110101010011100111111011010100
428651615
1010010111110101010111100111011011001101110010100011
5258032257050
1001000111000111001110011010001100001110111110001110
95
1101111101011100010000100111001011011111111100011010
256065185
0011100011011101011010101111011001100001011110101011
7314414
1010111110001010001010001100011001110110101011111100
5389
1010001011011111100000010100000000000011110110100100
0
