0000001001100111110001001010011101011101000110000011000011100011
0000000001000010000000000000000000000000000000000000000000000000
0000001000101000101010111001011111001100010100110001111101010101
0000001010000000111110011000100010011001000100101010001010101110
0000000000011010111001111101111111001000010111101101111010101010
0000001010110000111110111110111000100001110010011110000010100101
0000001010111011011100101100110000010011001100001110011101000100
0000001001011010100111011011011101011000011100111110100011010101
0000001101010000000000000000000000000000000000000000000000000000
0000000100010001011100110100100000100101100110101001100001011110
0000000000110000010010011001001001110110101110000001011110100111
0000000000101000110010010110111001011001001110100101111001100000
0000001011100000011110100000101000000110000001000011100001111111
0000000011010101101001000111011111001100101000000101100110001111
0000000000010101010010110010111001100000101000100101010101011110
0000001100111001100000001010011111110101001100111001001001011010
0000000000100000000000000000000000000000000000000000000000000000
0000001001011101010110111100111010010000000000011011000101000011
0000000011010000001111001011100111000110100101001001011101010010
0000001001100100010001101000100101100010000010110010101001111101
0000001001001101001101111100100100101101100101001000001100010011
0000001010110011100110000110100111101101110000111101000100001000
0000001001000100001111011011110011110011001101011100110010000010
0000000001110100101101010110100001001010101000110111101000111010
0000001011110100101011001111110010001011101110111010110101100000
0000001101010000000000000000000000000000000000000000000000000000
0000000001010011011001111110011011100000001001010011101011100110
0000000000100001100000111010111110001100101010110100000101100111
0000001001110100001000011100111000101101011000100101010110010011
0000001001110111011000110111110111010100110111110000011101010011
0000001100001011101000000110011001000100110111010110011001111011
0000001100110011111101100111001001010011111110011001000111001111
0000000000011101100101011000101000001011111101111001011111110111
0000001011100100111011101001100000101111000100011001100011100010
0000001100100011001010111001101001101011010111100010100000100000
0000001001001000010001000000111001100111010101000100100110001000
0000000000010000000000000000000000000000000000000000000000000000
0000001001110101100011111001010001101000000101100000001111100001
0000000111101011100010001000000000110110101100100111001010100011
0000001001111101000110111100100010011001111001010100010001100110
0000001011000100000100111010110011100001010110010010010101000010
0000001000010100001000000001001010010011011001001000010011011010
0000000011010100100100100100100110000100111000101000110100011101
0000000010001101001111111001001101001000100101100000001101111010
0000000011010000100100111011010001010111010110100000101100100010
0000001010000010100111001101110011001001000010111100001100001110
0000000000111111101000101111010101101000001011101111110100101110
0000000101101011100110111011001110011111110110100111010010000000
0000000001011011110111000101100100010000100111111110110100000110
0000000010001000001110101000000111111100111100010011110000111000
0000000101011111100011110110011001101100100000011000011111101010
0000000001010101111100101101110100000110000111011100001001111001
0000001101010000000000000000000000000000000000000000000000000000
0000000000011000001110111001001100111010001010110101001010011011
0000000011001101100010100111011011010000100110001101010001011100
0000000011000110111111001100111001000110111000110110101110100111
0000000101011010101101001100111101101100101100111000001010011010
0000000001100000001000100111011110011011111000100111010110000001
0000001001110010001010110011100111000111001110100001101101001101
0000001010000000011101100111100011011101100001111101001101101001
0000000001100101111010101010001001001110110100010000011011011100
0000000000011010100011010100100111001101101111010011101100111101
0000000111001001100010101000000010111001100101001010011000111000
0000000111000100000011000001000000001101101101111010101011010110
0000001011100101111000001111100111110111000010011000110010000110
0000000011010100101011101110011011010011010001010100101001100011
0000000010010101101001000000001100110111111110111110110101100001
0000001011111110011000100100110111011001100010100101100100011001
0000000011011010110011110011101010000111111101101101010001101100
0000000000101110000111100001100111011111010000101000101011000100
0000000100100010100001100010010101100011100001011111011111100011
0000001100100110101110111101110000010111111010001101010000001101
0000001001110001110000000101000011000000101100100001011110010100
0000000010110111010011110011111100011111001100000100100001110011
0000000101000011011101111000001111000011000011101101110100000011
0000000010000011011110110111110110001010111001100111100110010101
0000001010110110100101111001001010011111011110111001001000011111
0000000011010111100001110100101100010100001110011001111100010111
0000001101010000000000000000000000000000000000000000000000000000
0000000100111111111000000110111001000011001100011011111111100100
0000000111000001111110001000001000010001101000000100100110001111
0000001001111011010101100001100001101101001111100011000110101011
0000000111001110101111111000101110101111101110100101000110010101
0000000100001111111001000100111001111101010100111011010101011110
0000000011111011001100110111110101010110100000011101011011100001
0000001001000111000101101001011001011001010010011101100010000111
0000001001111011111001110011011010011111001000100101011111001000
0000001100001001101011111001001001101100010111100101001000111110
0000001000011101011110100110001000001101010010110000110101111010
0000000001000011000000000000000000000000000000000000000000000000
0000001101010000000000000000000000000000000000000000000000000000
0000000001100000011110010011010011001001001111000111001111101110
0000000101000001100111111101111100000100010000000010111101111001
0000001001101000010110111000001100110100000100010100101100110011
0000000010110001011010101100100100010101100100110000110000110011
0000001001110110111000000000010110100000111110001001100100011010
0000000111100011100001001011110010011011010011110001101010011010
0000001101010000000000000000000000000000000000000000000000000000
0000001101010000000000000000000000000000000000000000000000000000
0000000011111000100010000101001011000010000011110011011010000111
0000001000000010001010010111001001011011101111101011100000010101
0000001101010000000000000000000000000000000000000000000000000000
0000001001000011111110000110000000011011111110011000110101000110
0000001101010000000000000000000000000000000000000000000000000000
0000001010000001100101100000000100110100001110000101011010001110
0000001100010000010001000001100000100010010000000011001011110101
0000000001100001100011000100000011000000110001110111100010001101
0000000011011110110111100000111110100011010111100001011011101011
0000000110011110000111011100011111000111100101110000010110101100
0000000110100101011110100111011011001100000110100101101000010010
0000001101010000000000000000000000000000000000000000000000000000
0000000101110001110101111111011010111011111110011110011000010000
0000001000011000111001100001011111000001110101001110011100010010
0000001011011111100100110100010110010100111010001100100100001101
0000001011001110110100111001011011011101100100101010110011100010
0000000100111000010101001101101101110000111011001100001010101011
0000001001101010101111111010110010010001000001011000111111101001
0000000011111010011010000010000000001010101011001000100101010110
0000001101000110010110000001111111111111010010100110110111101011
0000000001110001110011001000000000001101100100111000110111001111
0000001000000010011011001101010001010010010101001001001001100011
0000001001010110110101111100100010010010001001101010111001101000
0000001000110000010100111011101001110100000010110111100111101010
0000000010011110000011011100001011000010001001110100100000101101
0000001101000101100111110111101010001000101111001000011100000100
0000000011101110011010000101001110011011110100010001001000101111
0000000001100000010101111111111100101100001001100001100010111010
0000001011100111010000010101000100111101101101010000101001010100
0000001100001000110001010011100010011111001110011110001011111100
0000001011101011001110110011011100110001100110000100001111010010
0000000010111011100001001110001110010000111101000110100000101000
0000001101010000000000000000000000000000000000000000000000000000
0000001000110011001000100101011110100101110110111011001100100101
0000001101000101111100101101001011001011001011101010010100010101
0000000101010111010010011011100011101110000111101110101000011110
0000001000011010000110110010100000010001110010011110110101011110
0000000010001111001111011100110010110001100010000000100011010100
0000000110101011001010011000100001010111100110111010000011000111
0000001010000001110100000100001110000010001100000000111010111000
0000000100100100000101100001001001100001000100001110101100101100
0000001000010010000100111011001111001000110111101100100011101111
0000001010000001000111101000100001000011010100010001001110101100
0000000010001100000100011000001101001011101111111000111101111000
0000000111101000100101011111001101010001001100011011011101010000
0000001100111000110101110011100010011011010101010100011110100101
0000000110100101111011111101011100101110000000100011111110110011
0000000110011100101100110010100010001010110010011000110010110101
0000000101111100010111010111001000100000100000001001110100111110
0000000100000100111011101110101000101111010101110011101001101011
0000000110111101001000000100110111100010100111010011110001100111
0000000000111110000000000000000000000000000000000000000000000000
0000001001000010100110011011101010001111000010000010001000000111
0000000100110110110010100110010111100101011000000100010110110100
0000000010101000100000000110110101100110100111010010000000000101
0000000101101100001101001000101110110101111100011100011001001100
0000001000110110010111001101000100111100000111100010100111010111
0000000101001000101111100111000011000010100100011111001001001100
0000000101000101000000110110001101100111111111001110100000110000
0000000101010011001010101010111110101011011011011111001010010000
0000000110001000101010001110111000111011111001010100111110001110
0000001101010000000000000000000000000000000000000000000000000000
0000001100111001011010110110011110101101110011100010010101000000
0000000101000001010110010111101010100110011110111101000001001011
0000001100110000001100100111001011011001101100110111101011101000
0000000101001000110101110001010000011101010110001110001111101100
0000001010110101000100011001001111000000010111011010110000101100
0000000010001001000110000110011011011000010001110100011010010011
0000001010000010101110100000101100011111001011010101001101001110
0000001101010000000000000000000000000000000000000000000000000000
0000000100001100101010100010101010100100000001100101100010101110
0000000000011110011011111011101110010011100110001000101010011000
0000000001100101101010011010000010010011001011110110100101100100
0000000110000111010101001101000010011110011001110001101010010110
0000000010100100101111000011101011110111011010100010100011110110
0000001010110001110101101010011100111011000001111000101100011111
0000000011011001111110001101010111101011111110000011011101011011
0000000001010011111110001001100110011101000110011100110101000100
0000000110001000010011110001100000000111100100011011100001100101
0000000010000111001010010111101111000101011010111001010111001101
0000001000010011010100110011010110001011010111000110010110111001
0000001000011010000001111011111111011001110110110011011110001011
0000000110100111011101001011100010101011001110010110011110111011
0000000001100101010001100110000110110100111000011100110110111011
0000000100100110110010101110110000010001101111000011110101001001
0000001101010000000000000000000000000000000000000000000000000000
0000000001000110000000010110000010111110101100011001101001010001
0000000101101100110100001110111101001001010000001111000000001100
0000000100010011110000111100010110110100110101001011000100100101
0000001000000010000011100000000101001101111101100000110010010010
0000001001000011101110101101110101100100011011101010101100000111
0000000111100010001111101010011010000110011000001110001011010001
0000001001100101110000011010101001000011100111010100100010100011
0000001101010000000000000000000000000000000000000000000000000000
0000001101000000000000101011110110000001100110010010110011111001
0000001011010101000000011100110111010011010011111111001010110011
0000000011011100010011100011101111110000001010011010111001100100
0000000001010110001110010100110101001110110001101110110000010010
0000001100110101001110011010001111101100101001111001101000000011
0000001010011110010001000100111001110000011000010110110101101000
0000000011110100110101101100100011011010011110111011001100110000
0000000010111111111000111100001000001011011000001001011000110001
0000000100001100111110110110010100000111111000100111001110011111
0000000111100100100000110110110101011111011010100011001111100111
0000000110111001011100001100001001100100000101100001111001110010
0000001010000011110001001110010000010011000110110011101001011110
0000000110000011100001100100111001000001110100111101010100110101
0000000001000001010010100110100011010001101100111010010111100111
0000000000011100110011101100000010100010000001000110111010001101
0000000000110010110011111010101010111010000011011101001010101111
0000000101001101010111000010011010000000111011010110111000110011
0000001001110010110000011010100000111100110101110011000101000000
0000000001000001101111011010111011100011010111111011101010001110
0000000111000111011001101100101001111010001100001000001000010001
0000000011001110101101110010100010100110000001111101000100110100
0000000001001010010111111111101110011100001010010101100101101100
0000001011100010010000010111010111000111101010110100000011100010
0000001000111010010000010100011101011010010011011100000101011111
0000000100111010010001011100001010010010001100000011000000101001
0000001001111001111011010100101111101100111010010001001011001101
0000000010011010101100001000101110011010011110110100100110011000
0000001001011110100010110100110001011011010101000101111000011000
0000000110101011011000110100110101110010110010101000101111001001
0000000000110110110010000100111011010000001101111001011101000110
0000000010111110110110111111001010110111001011101110000111101111
0000001101010000000000000000000000000000000000000000000000000000
0000001000001101010101011111111100000100011110011011010011011100
0000000111000101000111100111001111101111101100111111011011110111
0000000000100011100111000010101001010101100101010010110100001011
0000000111101111110111001010111111110100111011101000101111011011
0000001000010001011000100101000100110110000011100011101101000001
0000001001101111101010000001011000101111010101101010111010110101
0000000101101000000100110111101010000010000011100000110111100011
0000000111100010111010010000010101100110000011000100000000011011
0000000101110010011101001100011000010010010000001000110011111111
0000000001100001010000100000000111111000011001111111011001000001
0000000011110011000101010010001000011100100101100001010000000011
0000000000111110111011111101110011000000001011101101110101110100
0000001101000100001000110100001101101001001000110110000100010011
0000000000110100011010001111000100010101110001100000101000010100
0000000011010001011001111110101100001110101001101111100011000010
0000000111000111110010010110001101101111110100001110011011111111
0000000010001000001010000001111101101011110100011010101001000101
0000000001100101000100011111110100101010110010100001110001011001
0000001001001000011011010010001010011111001100000111010000100101
0000000110011110001111111000100001010101101100010000101010001111
0000000111111001011000101000011111001011111010001011101010010101
0000000001001010000100001011000111010001010001000101111001101010
0000000001000000001001111000101011011110001001000111001110000001
0000001011110110011011011111011010011110000101010111010011100101
0000001100100110110000110010111111011110101011011111110101110000
0000000001011000000101101000000100011110101101011101000110001001
0000001101010000000000000000000000000000000000000000000000000000
0000000001110000001101101001001000010100111100110000111000100000
0000001010001010101110111000011110011101100011111010001000001001
0000000001000010010100101001000000000111100101111101010111111101
0000001100001100101001010100100011001100010110101111011010010111
0000000001000000000000000000000000000000000000000000000000000000
0000000000110000000000000000000000000000000000000000000000000000
0000000111110011010111010110100111010110100110110001110111010011
0000001000111111111101010100010110000101110000110001010110101001
0000001001011100100010000100111101011111110100111111111101000010
0000001101010000000000000000000000000000000000000000000000000000
0000000011000001010101001011011011100000011001011101111010001100
0000000101000011001010110011100010011111010010000101111010010111
0000001000110001110010111111101110001100111010100100101111101101
0000001000011001100110011111110010011100100101000000110010010000
0000000011010000010100001111110001001110111101000010110011111011
0000001101010000000000000000000000000000000000000000000000000000
0000000001001001010001110100011000101100011110111001011101111110
0000001000010000111110001111111010010110101111101010100110111100
0000000001000100000000000000000000000000000000000000000000000000
0000001010010000010111001000001110110000001001101011010101000011
0000001100011101001101101101011000011001101111100010011110110010
0000001011001010111011001000001111110101100111110000111011001110
0000001001111000100000001001101111101011101111111001110110101111
0000000001100101011101111010110000010100000110101110110011000001
0000000110110100100110101010110011011000010111000000101110010010
0000001010110100101010100010000100010110101101111100110000110111
0000001000001010010000010011000010001000101000110010000100111101
0000001101010000000000000000000000000000000000000000000000000000
0000001101000011010001001111001111001100000001110101001111100011
0000000000101010101010100111110111010100001001101000010101111100
0000000001100011111000110000101110011101010010010011010001111001
0000001001001100100111111110011001011111111001110010110111000101
0000001010110001101000001001010111110000110010100100010111001100
0000001011100000110000011100110011000000111111010011100111010000
0000000110010011010110001101100011011000010110100111010101110000
0000001010110011100001000000111111010110110100100011001101111001
0000001101010000000000000000000000000000000000000000000000000000
0000000111001110011000000001110010111001110010000011111001111101
0000001101010000000000000000000000000000000000000000000000000000
0000001000011110110110100000000010010010000110001000110011111000
0000000111010010101010011100101110011100011101010011000011100101
0000000000110010000000000000000000000000000000000000000000000000
0000000111100000010110000010110100011000100001001010010010000111
0000001010111100010001100111100110110010100100011110010010000001
0000000110100010010001110000010100011011111000010100101001101110
0000000011000001010011100000111100100101001001001110010011111010
0000001010000100010011111101101000011011011001011000111111110111
0000001100110000000110100011111001011100111011000000101111000011
0000000001100101000001000101011011011010011111011110111110110110
0000001011010101010001000001001100100101010101000100000000001011
0000000100110111111000101100101011111001001000001010000000011000
0000000110011001110010010101000110000111101111010111100111011001
0000001100101010011101111000001001001111000001110111100011011110
0000001011000110101110010100010010111010110011000110001111100100
0000000011101000011000001110111000001110100110010101101001001111
0000000000101111110111010010110000010110010110111010011111111010
0000000110011110110010101111110111010011100011111011100010110110
0000001101010000000000000000000000000000000000000000000000000000
0000000010100001001010001100111001000000011000010100001011110011
0000000000101100000000000000000000000000000000000000000000000000
0000000101000000111111101101000011011110110010100101001101100001
0000001100011011000011001001010010100001011101000111101001111101
0000001011010010101000010010001000010000111001001011111001111111
0000001101001001111010100110010111001110101100010101111111001000
0000000110000000001000110101110000110001101100111111101000000010
0000001001001000111110101001111110100100001010000101101000110000
0000001010101000111000110111010011011111011000000110110111011000
0000001010001001100101100101111110010110111001101010000010111011
0000000111100111010011100001001000111100001111001010010111001101
0000001100111110100101110010000010010100111001101101111000111011
0000000000100110000010011110000101000011101001100001101000010110
0000000110010011011100111101000101011010101010111100100111100011
0000001011101010010101010001001100011010001111010100000011000011
0000001001000001110110000101001101000011111001101101000101010011
0000000001100001000111001010111000101111000110011111100010000000
0000000110011000011101011001000010001100010100010110101101000011
0000000100000011110101111011101101100110001111001110010000000001
0000000000110011000110110110010100111100110110001101000111011100
0000000011011000110111011101001010110101101110111001001010101101
0000001001100010110101100001110100100111010011100100110010010100
0000001100100001100110111011011010100010110100101111111100110110
0000001101010000000000000000000000000000000000000000000000000000
0000001101010000000000000000000000000000000000000000000000000000
0000001010101011101011101100011111101011010110010010000100101001
0000000000101000110101010001010111001000110110110101101011000100
0000001011100000110001111000010000000000010001001111010110011011
0000000001010011011001110010110101111100001110000001000101001101
0000000010101011000010101101011110111011111010110011001011000111
0000001101001100101000100110101101111011000011000000001000010110
0000001101010000000000000000000000000000000000000000000000000000
0000000001100100000111001011001000001111100001111110100100010010
0000000110100000011000101011001101111111011100110100101101001001
0000001101010000000000000000000000000000000000000000000000000000
0000001010010111101010110000101000011110111011111010011111000000
0000000111111001001101000111010100111010100110001110000011000101
0000000101000001000111101010101011001001101001111101001000010101
0000000110101010101100110011001101111100110011110010110111010100
0000000000110011011110011101110010101010011101010110110010111001
0000000111011010010111001001100111000010001000110010111010100110
0000001101010000000000000000000000000000000000000000000000000000
0000001011100101010110100000000000101000111111000111111001110010
0000001101010000000000000000000000000000000000000000000000000000
0000000110010101110110001100100100011001011011010111101010110111
0000000010101101110101111110111100111001110010011001100001001010
0000000010100110000110011100101101010110101001011111000100100101
0000000100000100100110101101011010010110001001101000000000101010
0000001011110110101110000011011010100011000011100110100111111011
0000001000010010100101011110010100110010000101110010011110001011
0000000111010100100011100000000001000001010011010011011001111111
0000000001010111011000100000000000100111100001010001001111110000
0000000011010000000011011111111010001000000101111000001001001110
0000000111111111100000001111100011111001001011110100100100100111
0000000111111010001111011011011100100110001100011101100100101010
0000001011100010111100001010100010001110011000010100000001100011
0000000000111010000000000000000000000000000000000000000000000000
0000001000011000001001010010100101101011100110101011110011001010
0000001001101111010110010000011001010100110110111111111110011100
0000001101000001111101000000111110000010110111101101011100110101
0000000000111011100001001101001000101001110001110111101110110100
0000001011101111011001000000100101110011101011001100011101110100
0000000101111101110110100100110101110101011000011100011011101011
0000001000010001001111010110101111010010000001101111110111101001
0000000010110010011101000001001111000001000110101010010000010100
0000000100110101100000110010010000101110000011111110001000011001
0000001000111000111101100000110100110001011110100111001101110111
0000000001101100101011011111100001101100101000111010101100001100
0000001101010000000000000000000000000000000000000000000000000000
0000000010001111101010000001010101101111011111110011101111100010
0000000101110001000100111010010001100010110101010101101111001100
0000000001100111010101000010110001001001110011101100101010111101
0000001101000001001101110000111001101100111000100001011000011010
0000001101010000000000000000000000000000000000000000000000000000
0000001011100110000011011010100001101101111000011011010101101011
0000000010110011110011101001011011000010001111011000010110110100
0000000101110100001100101110001001101011101101100100101000001100
0000000110010101000011001001010111001100001111011011110000110110
0000000101011010010010110011101001101010101000100111010000010001
0000000101110100111101100100010010110101010100001101011111001010
0000000011110011101101110001010000000110011001001110110111111110
0000000110011011000011111110111010000001011011100011111110101001
0000000010001110010011010000010111001001000110110000011100000011
0000000001010000011110110010101001010001111001010011110100100000
0000001011100010000000100101111000100010101101110100101101000011
0000000100000110010011110111100101000101101010100000101011110010
0000001101010000000000000000000000000000000000000000000000000000
0000001001000000011110100011101011001010101011001010001110010000
0000001101010000000000000000000000000000000000000000000000000000
0000000000100001000100110001100001010110110111010110001110101010
0000001101010000000000000000000000000000000000000000000000000000
0000001011110011100001000110010110000010010010111100010001001010
0000001100100011111001000100001111111111001001000111001001011101
0000000111100000100010000000000001100100011001101101100001010010
0000000000110011011100110110001010010000000101010001100110101000
0000001010101001110011011011000001110101100011011101110101000101
0000001100110010100001110100011100000101111110101011001111001010
0000000011111100010100000100110010011110101001010101000101110110
0000000011110001000011001010101101110110110101101010100110101010
0000000110010110011000110000010111010011100011100001010110001111
0000001101010000000000000000000000000000000000000000000000000000
0000001010100110111100100011100011001011101110000110000001110110
0000000011001111110011101101110100100000001110111101000110011001
0000001010111010010000001101000100101111100001101001110001100101
0000001001100101001010100001001000001011001000010010101000100000
0000000110110010000000011101011101100110011101100111001111110101
0000001000011111100100110101001110110011111110101010111101101101
0000001011000001110111101110010010011000110111101011000111011000
0000001100011101000101110000101001001010001111010011010110111101
0000000000100111000010110011110011000100011110111111101100101100
0000000001101101100011100100001110010011011011100110010101000000
0000000101110001001000000100011001001111111111110111000111101010
0000000011010011101110001010101011010011001011100001110100110000
0000001010000011111011100101111100110110111101011001101100000010
0000001101010000000000000000000000000000000000000000000000000000
0000000001000011000000100011010101100110110101001000011110100011
0000001010110001010010101110101011010110100111011110101111111100
0000000010100000011001000000011101011000101111010111001001111010
0000001101010000000000000000000000000000000000000000000000000000
0000001010000101000010001000001100000101000111101100100111010001
0000001010101000011101010011111000100100101111000111010111011110
0000000000111111100001001011011100000111100010011111000111010000
0000001000110100111110011111001010101010010011110000110111101110
0000001010100000110010110111001010100010100010101111000101100000
0000000001101010001101011110100101010101011101011001001100010111
0000000010011100001011110010110011111010111011110011010011011110
0000001011010111101101010111011101101010101011100010011010000011
0000000000110100000000000000000000000000000000000000000000000000
0000000010001111101100001101100000000000110011101110010000010000
0000001001010101101111100000011101001110101101001000101010111011
0000000010111010011010011111011101101000111110110001000110110111
0000000111000110000100010111111010110100101100111010011011011101
0000001001001111110011111011110110001110001101011001101010011100
0000001101010000000000000000000000000000000000000000000000000000
0000000001010110010011111111111110001011001101110011010101111110
0000001101010000000000000000000000000000000000000000000000000000
0000000001010001100001110010110010101011011010111001101100010000
0000000110110011100001011100110011111101000101010010100100111100
0000001010100100111011000101101111111011101010111111100111010011
0000000101000111101101001101101111110000111111111111011010101100
0000000101111011000001000111111011010001110011101000111010100011
0000000011010000000010100110100111111000010100001101100010101111
0000000100001101111110100010011011001100110000111000000010011111
0000000100001111101000010000001000001010101101001111100000000110
0000000101001001100100011111001110101001011100100010011110010110
0000001100011111011111000011111001111010000000110111011110010010
0000001100110100001100011100100101101000011101011000010101111010
0000000110110001010101000101100010111111100110011100000000011010
0000000100110001101100110001011001110101101101000000010100100100
0000001101010000000000000000000000000000000000000000000000000000
0000000101100110001001001001111000110001111010100111001010100011
0000000000110111000100110110100100100001111000101011111010001011
0000001011100100000000001001001111011010001110001101110011010001
0000001101010000000000000000000000000000000000000000000000000000
0000001010000001111110100110100101001001000101111011001111101100
0000001101010000000000000000000000000000000000000000000000000000
0000000111100011111100111010010101001101001011111001011000000100
0000000010011001111100111011001111100001000000010100101111111100
0000001010011011110000110010100111001000010100011111100100110011
0000000000110011100010010011000101111101010000111111111011011001
0000000100111010101010100110100011101101000000001010101001100011
0000000010011010101010101110011101111100101001000001010110101010
0000000001011101110110010011001001111000010011100100001000000100
0000000101101011111101100010100010000001010100111111101010010111
0000001010110001001011000101011111111000000000101100110100111000
0000001101010000000000000000000000000000000000000000000000000000
0000001000011000110110010001100110101100100001001000110110000110
0000001001000001111000011001111001010111010111010111011010100010
0000000101111101000001111011011101110100101110011010011010111011
0000000001010101100100100100001010000000000101010110010011000011
0000000001100010010000111011110110001001000110011111111100100001
0000000001011101011110001011011101011111011001001111100011000011
0000001100011000000000100010111101010100110010011100011100110000
0000001001110011010110001110110000000010000001010000100001100000
0000001100110110001111011000011110101100011111010100010100010110
0000001001010101100110110011010010110101101101101000100010010110
0000000111110001101100101100100110101101001001001101110011000110
0000000001000101110101101010101111011000010001101110000101001011
0000001000001000101010100000100010000011000010100100010001011101
0000000001011011101010000001110010111111011111001101111111001001
0000000111010110100010101100011100001001100010011100111001001111
0000000111010111011001000010111010111011110011000001110111011001
0000001001101110001111001100010110111101100011101111011100100001
0000001010000110000001000101111010000000101100101001110110010001
0000000101000011110001001010110010110111001110101000101110110011
0000000011000110011010011010010101010111101110110010111110110000
0000001011011100111101111110110011000111110101101001110110011011
0000000100010001110101000010100001001100000101101110111100000000
0000001101010000000000000000000000000000000000000000000000000000
0000000011100000111101000101010100011111110101000101011101010010
0000000110001001101010001011011101111100111010100100100110100101
0000001001010011011010100001010100010000011111101111110001011010
0000000001010001100111011010011000110001001010111011100110100011
0000001101010000000000000000000000000000000000000000000000000000
0000000000101000010100001100100010011000100001000010101100001110
0000000100001010010010010010111111110000000000101010100000000100
0000000011100001001000100100110110001001110000101000001001011100
0000001001111100100101111011100001101011110001100110001111100111
0000000010100001011110011111010001000011001000110010111000101111
0000000010110110110100110111010100000110011001011001010011111100
0000000100001001100010001100001000110000111111111010001011101110
0000000010011111110111011000010001110010011101110010101000000100
0000001100011010100100100111011011101100110001011100100110001111
0000000000100110000010010001011101101101010111000100100100110010
0000001100011111110101001100111001111100000111110100100100011100
0000000000010010010100010010110110010110111101100100100110000010
0000000000010111100011101010111110101010000101101010101010001111
0000000011111101101100101000111011001111000101011111011000100101
0000001100011010111011111001100010010100010101000111011001000000
0000000000111010100001001100101001011101010111010000001100100111
0000000001000001111100101111001011011101000011100100111111001001
0000000111110100101001011101001001001010111110001001111001100101
0000001011000001110011100101101110001111001011101011110110011010
0000001101010000000000000000000000000000000000000000000000000000
0000000111000011110101001111101010100010001001011000001100111101
0000000100101101010011000101110001100111101011011110100011010000
0000000100011110011010000001001111110011001111110110100000111110
0000000011001111110001011000000010001110110100101100101000110101
0000000101000001001010100111010011000101110011111000101001011111
0000001101010000000000000000000000000000000000000000000000000000
0000001011001010110110100111100101011011001000110110111110110011
0000001010011111101000111110110110111100001110110110110011001001
0000001001100111011100101011101111101101110000010010010101001010
0000000011110111001110010101101000000110110110011010101110000101
0000001101010000000000000000000000000000000000000000000000000000
0000001010000000001111100100110101001101110001010101001100001111
0000001010110101111000111001100010100100101011000001001111010010
0000000110100010100010000100100001011110100101011111001111111001
0000000101101010111001010011100101010110010101011100101001100101
0000000111110111111111111100110000001110101100111100110111011110
0000000011011010111011110101001000110000011101100001010001000011
0000000101001001001011001000011110110000011001111100011101100100
0000001011000000111000111110000010010011111111001100111111011001
0000001101010000000000000000000000000000000000000000000000000000
0000001010101101101011101001100100100001001000100110011011100011
0000000100010001010011111011000110011010100011001010101001100010
0000000000110011000011000011000011000010001101001100100000011010
0000001000000000110000001111000101110110010111000000100011100110
0000000101111111110111111001010010101001100101111101101010100110
0000000000110000000100001001011010001100110010100110001001100000
0000000100110010001111011000001100001100111001010010111110000100
0000000011101000000000011101011111000100011110110011001000010011
0000001101010000000000000000000000000000000000000000000000000000
0000000101101111111000001011011000111000110000011100100011101110
0000001011110000110010111001111101011100110101101000010001001111
0000000000111001110011100101011011100100010001111101100101000010
0000001000110110001010110111111001100111101111001100001000001111
0000001001111110111101000101001110100101001100000100110100001011
0000001001110100100011011000111111111011011101101100110100010101
0000000011010100101011111001100001000011001110000111001011001010
0000000001001100111101101100111101011111001111000111000100010101
0000000010010101000011011011011010110111000101001010111110001100
0000001010000000110011111010010110100010101000010111011010000000
0000000101100011001011110011001111100001011001111101111110010001
0000000001010100000001010111001011010000100111111010100110100111
0000000100000000001000110101000100101010000001011000010110101100
0000001001000011101010101000101001001001000100011000011111011001
0000000111100001111011110101101011011010111001101101101001011010
0000001000110111011001111100000011101001001001101111110100110110
0000000000100100000000000000000000000000000000000000000000000000
0000001101010000000000000000000000000000000000000000000000000000
0000000000111010010110100001110000101010101001000010010010011011
0000000000111011011011010011100101010011000001110011111001000000
0000000010011111101011110111001000110011100010111110011101010111
0000000000110010011110100111101001111001000010111110111110010000
0000001010110000010000111100000011000110011100110110100000010111
0000001100010111111110100110000101011011110010100110011010110001
0000001101010000000000000000000000000000000000000000000000000000
0000001100100100000100101011111001110011010101010000011110000011
0000000100101100011111111111100001100000000000000011111100111011
0000000010100011011011111110010111001010110011000001010110001110
0000000011100000110001001101110001100001001000011101111001001011
0000000110000111011001100111100100001100000010110011000001110100
0000000001001111100001111001000011001000101101000010011011000110
0000001011010101001011011001001000101111100101110100001011110010
0000001100001001000100000101001000010111000101001100001011101000
0000000110101010001000010001100001011000000000010010001011000100
0000001001001000101010011101011001000010100001011100111011110010
0000001010000100101100011101111110000110011100100011000011010111
0000000111100011110001111001001010100111111110100001110111100110
0000001000000101010111000100010110011000000000101111111100111010
0000000000101111011001100111011101011101000011011011100001010100
0000001001000001111101111010011010001100101001010011001111101101
0000000100001100100000011001101001000011010110111010001000000101
0000001011011000110100110011101010111110001111111000110001101110
0000001101010000000000000000000000000000000000000000000000000000
0000000101001001000001110101010111110010100100010111101011000100
0000000011010000111110000101110001100101010111010011000011001101
0000000101010001111101110001111010001110111001101001000111010100
0000000000101010110111110101110001000101010110110111010010000100
0000000100111101111101101101010110101010011011110010011001000111
0000001001100110100111111101011100001111111100000111100111111011
0000000001000011010000100110111101010010111000000000010011110100
0000001001111000111011011111110100001010011100111001110001110000
0000001011100010000111111010000000011010101000011000111011101100
0000000001111000011001010011001001100001011110011101000011101011
0000000001000000110100001011111001000000100110110000001110011001
0000000100101110011011010110100111100111010010001101010100110001
0000001101010000000000000000000000000000000000000000000000000000
0000000111011111101101100001111100000000100010010011101101000011
0000001001010000111001000101111110001000001011111011101010011011
0000000000011000000000000000000000000000000000000000000000000000
0000001000110011011011101001101101011110010110110001100011110011
0000001001111011011110101111011000010010001000101010001001110111
0000000010010001001010110000000001000111011101000110000001110011
0000000110101011010010010100001100001100100111010100111110101101
0000000101100111010101110101100000101000011110000011000100011110
0000000111011111001001011101001101101101010111011100010001001100
0000000101000001000001101001100111001100111101110111111000010001
0000001101010000000000000000000000000000000000000000000000000000
0000001001110011010000011010001000110100111110001101000101100111
0000001001110100010001111111111010111011011011001110111000001011
0000000001001100001011000101100100010000110110001000001000101010
0000001001110011110110011011000100010000101001101001010011011000
0000001011011110010101111010110001001100000111010100111101100101
0000001000000010001110110110111100111011111000001011100100010111
0000000001101001011101101110100000101011111010100111000010001111
0000000111100001000011011010000000011011011111000111011111010110
0000001001111100000111011010101111110000000101110100000001001101
0000001101000100011111010010011001111010101101100011100101110101
0000001000111010111110011001011000101011110010001001110000010001
0000000010000010110001111010010000110101001110000000000001000011
0000000001110010001111000011001000101010010101100000100001110100
0000000000101111011011001001100001001001110110011100001011111001
0000001000010110111100000010001110000011111101011100010110001100
0000001010000011010010100000001000111100011110001111000100110001
0000000110010000111011100001111010001111101010000110110110100011
0000000011101000011011011011001000000111010010001010011111010101
0000000110010011110000110011001110001101100101111011100111010011
0000001100100010000101100001010100101101101111010001110110001011
0000001011100101010011010011000100110000000110110101110100111011
0000000001100010010110011000100100001101000101110100011111100111
0000001010100101001101010010001110000111101101100110000110011100
0000001001111111011010100011100011011100011101111011010010011011
0000000010100001110111111011100000001110000110000001100000101011
0000001010010101100110111101000101111100010001001001010101101100
0000000001100000001011001111001000001011000111000011010011111111
0000000001000011111111000000110111010100000101101110110101011110
0000000001110001010111101000011000011010001000000011011100000011
0000001001100000011110000111000111000111000000010000000101011101
0000001000101010000010111001101011001011110010001111110010100000
0000001100011010001110111011101001011110000010101111100100010010
0000001001110110011110000110001001111001101110100011100101110110
0000000000011011101110111110100011110101111011111101101001000001
0000001010110100101010110001110111100101001000101110001001001111
0000000001000100000001001000010111010110111001001011010101011000
0000001101010000000000000000000000000000000000000000000000000000
0000000011100000101000010010010011001000110100101101001010000101
0000000100101011010001011101101000111001000011011001000100111000
0000001010110011110001111011110010100101010110110100001100100001
0000000101100101110110000001111001101001001101011000010111001100
0000001010000100001011110101111101111100111011010011101010110011
0000000001011001100111011010011100001010100010111100011110001101
0000000000100100011100000010110101110011010000011110100110110010
0000000010010011111101110111101100000111000001001000001010000011
0000001011101001110001111010110000001000000101000011110010111011
0000000010010001111000110110010100010000000010100000110111011010
0000001001111001100110010101101011101010101110011011001100000010
0000000010011101110111011101110111100111011111111101000000101001
0000000100111000010101010100010011100000011111001001111001100110
0000001001001010001101100111101100101100000001000011010000111001
0000001010110010011111100010000100010111111110100101100100101001
0000000001000011101010001111011100000111101000001100101010110110
0000000101010001101000111101000001001010010101111100111101011110
0000000001100001001001011010110111100000011110111111010010100001
0000000101000000101100110110001110001110001111001001111010000101
0000000100001100000000010110110000010001110010011100001110000110
0000001000011011011000001101001100010011101010110000101000001010
0000000100000111000010110011001100001010111111000101110000010010
0000000011010100011111010100100110001011100010000011101001110001
0000000001100001110100110010011011010000100000010100010000111000
0000001100100010101101101110010001101010010010000010001101100111
0000001010101110110000111000101110000010100011000110010101100110
0000001010100000100110011001111011001101110101100111111101010011
0000001101000000101100011001111010000000010111100100001111000010
0000001001000111101110011110010001011110101011101010101010001100
0000000001000001011110110100001001100001010101010101001101010110
0000000010010010110011000011011111100100110101001011100101001000
0000001000001011010100000001000011111111011111011001010010110001
0000001011110101011100001101000101010000101110000000010101011011
0000001010110011000111011111111000010011011111110110001111110001
0000000111100011000000001111111011010111111011001001101010110010
0000001101010000000000000000000000000000000000000000000000000000
0000001101010000000000000000000000000000000000000000000000000000
0000000011010101011100100001011010101011101110011101010111010111
0000000001101110100010110000001100100111001011000100001011011010
0000001010111000010101001011111110010101110000101001011110011101
0000001001000101110001010101010001000001111111001110111000001001
0000000101100001111100101111001000100100101100001111001001000011
0000001001010010100011110001001011111111001010000101000101101101
0000000111100110000101001001110111101110011100110010010001011001
0000001001111111110111001001000000001010111010010100101010000010
0000001010110000010011100110000100110110101111010000101011110101
0000001000011010010010010001001100001111111011111011101010000011
0000001011111000100111000000110010011000011101011010001110110100
0000000001110001001000001000101000000011101100101110010010010111
0000000101010101110010100010001001010111101111101001000000101011
0000001000011110100011111000000011111101111111011110100111100100
0000000000101001010111011001100110010111011010100011111110101010
0000001000011011101001111100110010010001110101000011111111100101
0000000101110110100100100001010101111000100010101110010011101110
0000000001110100001000111011000110011011100010010010001011101001
0000001100011101111101110011100111110011110001010100011000111000
0000001001100000110101110111010010011010000001001111011100000101
0000001001001111100011100011110101110000001010100001110100111000
0000001100100001000111101101101110100111101101100011111110100111
0000001001110101000011011101010010101101100111011111000110000000
0000000001011010010000000010110100010110001111001100010111111010
0000000101000111000011110101110010001010000100101111011000001111
0000001000010010000010100110000000100010011111101100011111011110
0000001001000010010011100100101011010111110001101111110000001001
0000000001101010100101001011101010111101100110100101001100001100
0000000100100001110010100001111110100001100101010011010001110100
0000000001101101011110011010010110100110111110100101011000001111
0000000111010010011001000001010011100101010100011110011010100000
0000000101011011010011001111111101100000000000110111010011101000
0000001000111100101111100010011101100010101110010110010111000101
0000001010000100011000110111100000100011101110001111001010001001
0000001100000000010111111110001001000011000001011010010010011010
0000001001000001001000010000011011001100001111110100100011001000
0000001011101001001100101101011011001001111010110000111100011010
0000001101010000000000000000000000000000000000000000000000000000
0000000110100010010000011001111001001110110111110001110001111011
0000000100001000110111011010110111010011010101010100001100000101
0000001010000001011101001001100001001100110110101011100111110110
0000000101011011011101011101010011111110110000100111000111011010
0000000011010001000101010001011101000010001011010001011110011010
0000000010100001110010100111110000100100111001101110011011110110
0000001101010000000000000000000000000000000000000000000000000000
0000000001001111000011001101101100000001010000001000010111011101
0000000111011011111101110011001100101100001011110100001110011001
0000000110010000011101000110010001000110110000010110110111010100
0000001010000110001000011110111100111101101000110010011100111010
0000000001100000000010111110000101101101001101001001101101110100
0000001000101110100011111010100110111001000011010001010110111100
0000001010110010100100101110100011000101010011101101111100100111
0000001101001000101011001111011100010011101100010101101010110111
0000000101001101111000001011001111110001110111010011101111111001
0000000001110011100000101000010101010110101111000110001010110000
0000000110101100000110110111010010000011111000011111001100100101
0000000101010000110010100110110001100100011011011001001110001000
0000001101000111100100101100001011001100011001001101000000100011
0000000010010010001000000110001001101000100101100000100100101000
0000000000110000010010110100010101010101110100101100010001101010
0000001100000111010001111100101011111101000011110100001010001011
0000000111011010111101110001100000010011010100010011110000001111
0000000001011010101111000000100011010110100111011000101010101010
0000000111000001110010111010101101111001100011000101100101000110
0000001001011010101100111110011011010001110011010010010111011000
0000000111010001001101011101011101111011110010010100100111101010
0000000000101000000000000000000000000000000000000000000000000000
0000000011011101001101111100000110111011010011100000111010101101
0000001101010000000000000000000000000000000000000000000000000000
0000000110101111101110100010010000101000101101000010011111001111
0000001000001101110100000001001110101110001101110101111001110010
0000001000010001001101100101111000010010000001000100011000100000
0000001101010000000000000000000000000000000000000000000000000000
0000001000110111010100010001011001011011111100010100100101101100
0000001001010001100000101010000111010111011111010111001110101010
0000001100011110000010000010101111100110001010110010010111101001
0000000111000111011110010111100110001010011101001001100100001001
0000000001101011110010111000011011011010010101111001010000010010
0000000001101100011111011001011011101000001001111011010111101011
0000000011010111101011010100101001001001101011111111111100110011
0000000110101010101110011110010001001010011111010001010000100111
0000001011100101001011001001011110110000001110000001000010001011
0000000010110011001111011001101010010101000110101000001111111111
0000000010101110100010011100100011000100000100010010100001111011
0000001100100111001110101100011011110011010010110011010111111010
0000001101010000000000000000000000000000000000000000000000000000
0000000000111110001011111100100000011110011001101110101010010011
0000000100000111000011010110001111110001100101111110001011100010
0000001001010110011101110111110010000110000000100000001100000000
0000001011110010111000010010001100101010001011000110011100100001
0000001011100111100111101101011111001011111111101100111111100111
0000001001111101011010111110011010010001000000111001011100011110
0000000001000111101001111101110101010010000111010100111010000001
0000001001101111001100100001100011111100001100000000000011011111
0000000111110101110111000011010011000000101011001110111001111100
0000000001000001000000000000000000000000000000000000000000000000
0000000110111010010000101001111100101011110011011110101010100001
0000001101001000000110010001000100100111001001011110111110101001
0000001001111001100000001111000110110011010010010110111000001110
0000001100011000110101000111000101001000001010111011111100011001
0000000110100001100010011010111110110000010111110101110011000111
0000000101101101100011101110010001110111011001111100010011000101
0000001100101000111110001111101100110011010101011000011101101100
0000001001000011010110001010101001101010100011010000101010110101
0000000101110010110110000011100011100110000100010001000000101001
0000000000111000000000000000000000000000000000000000000000000000
0000001101001100000001101010110011111010100111010100110010010010
0000000100000101010000101111011010000111000100100100001010011100
0000000101011101010001101101100110010001001011001001010111000000
0000000011111010011100111111101010010111101111001100010010111110
0000000010011000010110000001100100010010101010100000110000100000
0000000111011011001110110000010001111110111100001000110101111101
0000000100101001110001111000111010001001011100010100000111000010
0000000001000101011111110001100100101101011010101011010001101011
0000001100100001001110010100110001111011100010010110100110111101
0000001010100110111010100100010011010100110101101101001011011111
0000000100001101010110110111000101001100001100111110101110001010
0000001101010000000000000000000000000000000000000000000000000000
0000001001110000011011100111010101001100101011110100111101111010
0000000000111111000100011000011011001011000111011001100011011001
0000001001000101101111110111011010001001100010010010111101101110
0000001100011111100110010011010011011111100110101101101010100111
0000001001111110000000000011010110000110010000001010110100011111
0000000100000001111010001111011111111110010001011010111110001011
0000001101010000000000000000000000000000000000000000000000000000
0000000010011110000000001000110101110001101101100101111001110101
0000000011100010000110010110010000101001010110000111100110101111
0000001011010001011001011111101100101000100101001111110011111100
0000001010001001010000100001110011100000001011110100111110111010
0000001001100110010111011001010100011111001010101010110100001000
0000001101010000000000000000000000000000000000000000000000000000
0000001101010000000000000000000000000000000000000000000000000000
0000000010100111001001100000000101110110010100001001011110110101
0000000001100000011110111001100101011110110011011110101100010100
0000000000100110101100000010000000100001001010010110000111100001
0000001010000110111111101000100011100100111101000110101100001110
0000001101010000000000000000000000000000000000000000000000000000
0000001101000000100001010011101101111010011110101010001000101011
0000001001100000011111111111011110111111011000100100010011001011
0000001001001000011111011100001000111110001011000101100010100101
0000000000111011100011111010110101000100010010101100001101011011
0000001100111110111111000100111111010011000100000101110001110111
0000000101010001100001101101110101001010011001101110110111011111
0000000101100111101100101100111011000110010111110000111110100001
0000001001111110100110001110110001111111101111001011011010010001
0000001100001011011010101101000111011000001011111110101100001110
0000000010001101001101001100010001010000001000111110100010101001
0000001011101101111111110010100110011010111101010110001111100110
0000000010001000010001010110010010000001111101101111110111101111
0000000011010111110110000110010001010100101000001000110101100111
0000000110011110001011111100001000001001011110100011100011111111
0000000000111011001001101111000110100110011100111111010000101110
0000001011110011100110101101100011010111011111001110110111000110
0000001001111101000010101001011010010100101010001000100101010101
0000001001011110111100011000000110001010100000001011001000101110
0000001000010101101100110101111011011010010010100110101000001111
0000001101010000000000000000000000000000000000000000000000000000
0000001100100001110110110010011111010110001100000111111101010000
0000000101111100010101101101100001001011010100000010000111111111
0000001101001000000101100110001100001010010110000001000101010100
0000000100011010011100110010111010110000110101001010110110110100
0000000000110110000000000000000000000000000000000000000000000000
0000000011011000101010011011000001001000100100011100110000100010
0000000100110101010111000110010010111100000110011011010001110001
0000000110110111111101100010100000000001001101001011010011110011
0000001001100101111111010010010011100111001111101001100101100001
0000001101010000000000000000000000000000000000000000000000000000
0000000010001001001010001001001100110111010110011100100000011110
0000001101010000000000000000000000000000000000000000000000000000
0000001100100000000011010001010011010011001011000011001010010110
0000001101010000000000000000000000000000000000000000000000000000
0000001010111110010010110101000100110000111000011101111101110110
0000000011010110111100011110101110111111001110100011101110001011
0000000011010011101001000011010011010101100010111110001110010100
0000000010010101011100101110101100011010000100011101011110101011
0000000111010000110101011001110000110011101001001100111011001101
0000000000111101100100100101011000100110110000011001011000100000
0000000010100111001001101010100100110100101101001011001010011100
0000001000110110011111100100111011111011001011110001111101101001
0000001001000110111001111110110111000010011100100001100100110011
0000001000110000110100000101111010001000111011001111101000000111
0000001100011000001110000000111011101010100001010010111101011110
0000001011101000111000101111100011110110101000101010101011000111
0000000001111101001101101011010001100101001001101011100001011101
0000000100110111110001101111001011101010000101010111001100010000
0000000100110010101000011001011101001111001111100010110010110101
0000001001001010000111100010001101111010110111110100111101001111
0000000110110110111001011010110101000011010111100101001101011111
0000001000011010100111110111011111110000010101010011101111110000
0000000101000110100010000001111010000111001001111110011011101011
0000001010000101101101001100100001101111100001110100100111100101
0000000101100000010110111111100101000110110110001100011110010111
0000000011101100101100010110100100000010101110110011100011001101
0000000110100111000100010100000001010011110110010111000100011100
0000001010101000100000111011111111101000100110111001001010110000
0000000100010010011110010010000111000011000001010100010001000010
0000000101111000000010111001000000111010111011101011000011110111
0000000011110100001101011100110001100000011011000010001001001011
0000001001100001011100011010010101010100100110100111111010011101
0000000101100010000011011010000000111010011010110011100101010011
0000001100000100111101100011101001010001101001100101110110001001
0000001000010000111001100010000100011000010000001111011101000100
0000000001100110011111111011101111100011100110110011110110100110
0000000100000000110101111111110100000010001111001100111000111100
0000000100111000001000000101001110010100100001110000110011010010
0000000010011000011010101111100010100111100110101111111100100000
0000001101010000000000000000000000000000000000000000000000000000
0000001101001110101010101000000100111111101111010110001100100001
0000001000111011110010100011111110010111111011110111001110100011
0000001001100111011011011111101110000100101110101000001011101110
0000000111111000101110110011111001111000101000000101110011011100
0000000110010001011101101011110011010100001010011110100001000001
0000000100110010110000111110000111110101101110010110110000010000
0000000001000101000000000000000000000000000000000000000000000000
0000000100011010011000000111010100001100101011010000011110001010
0000000001100100100110001011101110100100110110101110010110100110
0000001100011000100010000111000100000111011000111001110111100010
0000000101110110011100010000010110000010111101110010000010111010
0000000100101101111100110010011100001100101000110000010010001111
0000000100010101100101110101110100110000101100101101001110010110
0000001001101101101000000110100010111110011010001000110010110001
0000000001001000011110011001101101100100001011100001101011001010
0000001001000110001010001010011110110101110111001000110000010101
0000000101000000101000001111110010011100101111010000110100011110
0000001001100001011111011001010001100001010101111100010100010000
0000000110000101010010110011101011100110000101100000010010001110
0000000110001111000110000011011000010000001100100001001101110010
0000000000010011110111111000111101100010100010111000110111011010
0000001011011010110000100001010000110101110011101001011001101101
0000000110100101001001010100011111110101111000110101000100000000
0000001001010011010000101010111001001111011010110110000010111001
0000001010100101000010111011001111101110101010110000011100011110
0000001101000000000101110011110000110101111011011110110011010010
0000001010000001010010001010001100001010101110010011110110100110
0000000011011100010010001001000011000011011100110011011111110011
0000001010000000010001100010111001001010110001010100100001000110
0000000100000110011101000111111100110011000101010000001110111000
0000001011100100000011110100011000101111110001100101111000011011
0000000110110010110110111101110000100010110110101101110010000111
0000000111011101100000111011100010111100111100111100101101100110
0000001101000010011101100000110010110000000011010011110000000000
0000000001101100111000110001111001101001011000010111110011111101
0000000101111001010011000110101100000000010100110101101101111110
0000001010001000001110011000011000111010011000101101100100111100
0000000001010110011110010010100011101101000110111111000001011101
0000000001011111011101100001001100110110101011110000111111101010
0000000001011101111100110011010000010110011111001001110001011111
0000001001010010001100001000011100001000110001010100011100001110
0000001100010011100000100000110011000000111000100110000101101010
0000001011110010100010000111111101001000000110110111110110011010
0000001010000000111110110111110011111111011101101110010101110110
0000001100011001101100101111111110010011100111010110100010010100
0000000111001100110000110010000101001011111110000100001000000001
0000000000101110111111010001110100111110011011000010100010001100
0000000100000110010011010000001001010100101110000110100001110111
0000001001111101110111000110011000101101101000101000110010100111
0000001101010000000000000000000000000000000000000000000000000000
0000000001001011101101111000011011100100101001000001100001001110
0000000000111100000000000000000000000000000000000000000000000000
0000001011010110111010000100101100010000001010101111001001100111
0000000100010101100010011011101110111010001110000010100010101000
0000001001111101111100011010010110001110101100101111000001110001
0000000110100011010100001101111010011111111010001111010101001100
0000001010110000111010101110111101110100101010001100010110100010
0000001011110101111000010000100010010010111011100101000100110001
0000000001001010101111101011011111010100101001001000011001111110
0000000110010100011010011110010000010011010100010000000101000011
0000000001010010101111111101011000011101101000000111000101010110
0000000101001111000110010100011100110100111110001010110110010011
0000001010110110111111001011000110110110111111101001000001010110
0000001000000100010001000110100001001011110001110010111111110110
0000000001011010010001100011111000111000101001101110110101100111
0000001011110001111011100111110110011100001111011100100111000100
0000001010000010010001111110110010101100100101001101001000011000
0000001000000110110111111000011100100010011001110011001001000111
0000001010100010110100111101110011010010101011100000010001101110
0000001100101111111101101111011101110100100000010001100010000111
0000000001101000100000100101111101001100010101101000101100101011
0000001100110001000111000000010001110111110100010001000011100100
0000001011011110011011111001000010110010110101010001110001101000
0000000111010101000011100111000011010110111000011010110001000101
0000001010101110000001001111000111111000010000101010101111101110
0000000001110110011110000101001100011101011000100111111101000010
0000000111000010101001110010011110111101000011010111011011010101
0000000101110111100001000111100001100110101011001011000010101011
0000000011010001001110011001111011101001101010001110000111110000
