6.0000000
6.9282032
6.0000000
7.7320508
6.9282032
6.0000000
10.3923048
100.4589468
18.9282032
13.8564065
231.8704896
169.7409791
2361.2933530
1728.5867060
1105.8921198
1094.4651127
1102.3613762
524.0319398
578.9934640
562.1281292
14.1961524
14.1961524
18.4641016
17.1961524
46635.5143408
43342.5842870
35626.6740396
39397.6204696
43342.5842870
28197.5108381
54679.5549379
56866.9541489
1299.0381057
1742.6626464
83948.6720900
82129.2048559
43368.2948068
45600.3966929
277.1281292
484.9742261
46438.2922161
45363.3627308
4676.9429274
4636.4994449
4506.6069550
4592.4675051
4461.7628803
46865.5534576
47366.1910702
46904.6629899
46936.0729797
47111.9842382
