18
108
35
2400000
1850000
1000000004000
1000000009000
4142225443899
5164616423768
12862181759758
83758651096430
65571740138308
40892056356270
67408111424790
62830257979811
24534431156974
34938399307254
34344792192801
53396953790706
31590711130153
300
330
60
16658
80
8
9034032
4209607
47
2148
36
5
100000000000000
100000000000000
99901000000099
2706705
1000000099000
57998555516909
60364549146430
61570963059650
93896297051001
86535443095472
86789099966688
68828680955081
79235276861873
76579205729650
79051895190166
92645815887506
90738419763004
83954621800397
61355887420476
74042330132911
60672436338376
65650154118645
61753297519746
50751860755096
70901886589216
73870954883063
70663947201674
68695651309997
8189075775969
8474041085878
7659893084464
6912079025319
8092640389409
8302492753284
8216972518709
9014800569747
8610405275808
7110354866472
80401947818777
70677121552386
81768949612046
78136620538522
79489591404509
78789932540114
81351490687691
82329712834847
80166926212899
78505537878991
9475332
8864308
2432821245541
2529627388041
2400239150953
2141812732918
2334806548291
25305731217213
24234754633715
22562193166214
22827955740153
27621827613476
98523943208050
80937530679004
77733713089080
77328908770340
67391372872688
78823318798490
8183012
9129993
