8
3
6
5
4
11
47
4
7
7
4
10
8
7
4
4993
2
5
8
2
12
4
7
11
288
8
3
6
2
7
5
5
6
3
68
15
8
9
7
7
8
326
8
4
6
2
5
1
1
18
7
6
7
5
11
4
7
8
6
7
9
7
8
1
6
2
9
3
8
5
4
8
9
1
4
324
9
11
1
4
6
5
8
6
65
1
4
359
407
4
413
5
6
330
3
286
8
9
4
5
6
19
7
5
9
47
4
10
8
7
33
7
31
25
7
9
5
9
6
6
7
7
5
10
6
8
1
10
7
8
13
9
6
7
7
6
6
7
6
7
5
8
5
408
3
8
6
4
5
12
1
7
7
4
11
8
5
3
8
7
7
5
6
5
5
4
10
4
8
25
6
8
2
5
6
3
9
5
413
2
4
10
109
8
7
6
7
17
7
5
4
361
1
7
24
7
7
6
8
7
10
10
7
1
32
9
9
10
9
4
5
4
6
5
7
9
6
6
6
6
5
8
45
7
10
6
3
9
5
1
8
8
9
4
5
8
5
7
10000
7
3
7
6
4
8
9
1
10
7
6
6
4
3
5
6
5
7
11
6
6
