3 4 4 2
2 3
1 1
2 2
1 1
0 1
0 0
3 4 5 1
2 1
2 2
2 1
1 2
1 1
0 0
4 3 4 2
1 1
1 1
2 1
2 1
1 0
0 0
4 3 3 3
1 1
2 1
2 1
2 0
1 0
0 0
4 2 3 2
1 1
1 1
2 1
1 0
0 0
3 4 5 1
1 1
1 1
2 3
2 2
2 1
0 0
4 3 3 4
2 2
1 1
1 2
0 1
1 0
0 0
1 1
4 3 4 2
1 1
1 2
2 2
1 1
0 1
0 0
4 3 4 2
1 1
1 1
1 1
2 1
0 1
0 0
3 4 5 1
1 1
2 1
2 1
2 1
1 1
0 0
4 3 5 1
1 1
2 1
1 2
1 1
2 1
0 0
2 3 2 2
2 1
2 1
1 0
0 0
4 2 2 3
1 3
2 1
2 0
1 0
0 0
3 3 4 1
2 1
1 2
2 1
1 1
0 0
3 4 4 2
2 1
1 2
2 2
1 1
0 1
0 0
3 4 4 2
2 1
2 2
1 1
1 1
0 1
0 0
4 3 2 4
2 1
2 1
3 0
2 0
1 0
0 0
32 32 9 15
1 22
1 9
1 3
1 8
2 3
2 3
2 9
2 9
2 3
1 2
7 3
3 0
6 1
4 4
6 0
1 4
6 3
2 0
0 5
0 4
0 3
5 2
7 2
3 5
3 3 2 4
1 2
2 1
0 1
1 0
0 0
1 1
3 3 1 6
1 2
0 1
1 2
0 0
1 1
1 0
0 2
2 4 3 2
2 3
2 2
2 1
1 0
0 0
3 4 4 2
2 3
1 1
1 1
2 1
0 1
0 0
4 2 3 2
1 1
1 2
1 1
0 1
0 0
3 4 4 2
2 1
1 1
2 1
1 1
0 1
0 0
4 3 4 2
2 2
1 1
1 1
1 1
0 1
0 0
3 3 3 2
1 1
1 1
2 1
0 1
0 0
4 3 5 1
1 1
1 1
1 1
2 2
2 1
0 0
4 2 2 2
2 1
1 2
1 0
0 0
4 3 3 4
1 1
1 2
2 1
0 1
1 0
0 0
1 1
3 4 4 2
2 1
1 2
1 1
2 2
0 1
0 0
3 3 3 2
1 2
2 1
1 1
0 1
0 0
3 4 5 1
2 1
1 1
1 1
2 1
2 1
0 0
4 3 5 1
2 2
2 1
1 3
1 2
1 1
0 0
3 4 5 1
1 1
2 1
2 2
1 1
2 1
0 0
2 3 3 1
2 1
1 1
2 1
0 0
4 3 4 1
2 2
2 1
1 2
1 1
0 0
4 3 4 2
2 2
1 1
2 1
1 2
1 0
0 0
3 4 2 6
1 1
2 3
0 1
1 2
0 0
1 1
1 0
0 2
4 3 5 1
2 1
2 1
1 1
1 1
1 1
0 0
4 3 5 1
1 3
1 2
1 1
2 2
2 1
0 0
2 4 3 2
2 3
2 2
1 1
0 1
0 0
4 3 2 6
1 3
1 1
0 1
1 2
0 0
1 1
1 0
0 2
2 3 2 2
2 2
1 1
0 1
0 0
3 3 2 4
2 2
1 1
0 1
1 0
0 0
1 1
2 4 4 1
2 1
2 2
2 1
1 1
0 0
3 4 5 1
1 2
2 1
1 1
2 1
2 1
0 0
4 3 3 4
1 3
1 2
2 1
0 1
1 0
0 0
1 1
3 2 2 2
1 1
1 1
0 1
0 0
3 4 3 4
2 1
2 1
1 2
0 1
1 0
0 0
1 1
32 32 16 1
1 14
2 15
1 3
1 5
1 6
2 3
1 4
1 1
2 7
2 2
2 4
1 2
1 1
2 3
2 1
2 1
0 0
2 4 4 1
2 1
2 2
1 1
2 1
0 0
4 2 2 3
2 1
1 1
2 0
1 0
0 0
3 4 5 1
1 2
2 3
2 1
1 1
2 1
0 0
3 3 4 1
2 1
2 1
1 1
1 1
0 0
4 3 3 4
1 1
2 2
1 2
0 1
1 0
0 0
1 1
4 3 4 2
2 1
1 1
2 1
1 2
1 0
0 0
4 2 4 1
1 3
1 1
1 1
2 1
0 0
3 4 4 2
1 2
2 3
1 1
2 2
0 1
0 0
3 4 3 2
1 2
2 2
1 1
0 1
0 0
4 3 5 1
2 2
2 1
1 1
1 2
1 1
0 0
3 4 4 2
1 1
2 3
1 1
2 1
0 1
0 0
3 4 4 2
2 3
2 2
1 2
1 1
0 1
0 0
3 4 3 4
1 2
2 3
2 2
0 1
1 0
0 0
1 1
3 4 5 1
2 3
1 1
2 1
1 1
2 1
0 0
4 3 5 1
2 1
2 1
1 3
1 1
1 1
0 0
4 3 4 2
1 1
1 1
2 2
2 1
1 0
0 0
4 3 5 1
1 3
2 2
1 2
1 1
2 1
0 0
4 3 4 1
1 2
2 1
1 1
2 1
0 0
3 4 4 2
2 1
2 1
1 2
2 1
1 0
0 0
3 4 5 1
2 3
2 1
1 1
2 1
1 1
0 0
3 3 3 2
1 1
2 1
2 1
1 0
0 0
3 4 3 3
1 1
1 1
2 1
0 1
0 0
0 2
3 3 1 6
2 2
0 1
0 0
2 1
2 0
1 0
1 1
3 4 4 2
2 3
2 2
1 1
1 1
0 1
0 0
4 3 5 1
1 3
2 1
2 1
1 2
1 1
0 0
4 2 4 1
1 1
2 1
1 1
1 1
0 0
4 3 4 2
1 1
2 1
1 1
2 1
1 0
0 0
3 4 3 3
1 2
1 1
2 3
0 1
0 0
0 2
4 2 2 4
1 1
1 1
0 1
1 0
0 0
1 1
4 3 4 2
1 3
2 1
1 2
2 1
1 0
0 0
3 1 1 2
1 1
1 0
0 0
4 1 3 1
1 1
1 1
1 1
0 0
3 4 4 2
2 1
2 1
1 2
1 1
0 1
0 0
3 4 3 3
1 1
1 1
2 3
0 1
0 0
0 2
1 4 3 1
2 1
2 1
2 1
0 0
4 2 4 1
1 3
2 1
1 1
1 1
0 0
4 3 4 2
1 3
1 2
2 2
2 1
1 0
0 0
2 4 1 6
2 1
0 1
1 2
0 0
1 1
1 0
0 2
3 4 4 2
2 1
2 2
1 2
1 1
0 1
0 0
4 3 4 2
1 3
1 1
1 1
2 2
0 1
0 0
4 3 4 2
2 2
2 1
1 3
1 1
1 0
0 0
4 3 4 2
2 1
2 1
1 3
1 1
1 0
0 0
4 1 1 3
1 1
2 0
1 0
0 0
4 3 2 4
2 2
2 1
3 0
2 0
1 0
0 0
3 4 4 2
2 3
2 2
1 2
2 1
1 0
0 0
4 3 5 1
1 1
2 2
1 1
2 1
1 1
0 0
4 3 5 1
1 3
1 2
1 1
2 1
2 1
0 0
4 3 3 3
1 3
2 2
2 1
2 0
1 0
0 0
3 4 1 6
2 2
0 1
0 0
2 1
2 0
1 0
1 1
4 3 2 6
2 1
1 1
0 1
0 0
2 1
2 0
1 0
1 1
3 4 5 1
1 2
2 3
2 1
2 1
1 1
0 0
2 3 3 1
2 2
1 1
2 1
0 0
2 3 3 1
2 2
2 1
1 1
0 0
4 2 4 1
1 1
1 2
1 1
2 1
0 0
3 1 1 2
1 2
1 0
0 0
3 4 5 1
2 1
2 1
2 1
1 1
1 1
0 0
4 2 4 1
1 3
2 1
1 2
1 1
0 0
3 4 4 2
1 1
1 1
2 1
2 2
0 1
0 0
3 4 2 6
2 1
1 2
0 1
1 2
0 0
1 1
1 0
0 2
4 3 2 6
1 3
2 1
0 1
0 0
2 1
2 0
1 0
1 1
3 3 4 1
1 1
2 1
2 1
1 1
0 0
3 4 5 1
1 2
2 3
1 1
2 1
2 1
0 0
3 4 5 1
2 3
1 2
1 1
2 2
2 1
0 0
4 3 4 2
1 1
2 1
1 1
1 1
0 1
0 0
2 4 3 2
1 1
2 1
2 2
0 1
0 0
3 2 2 2
1 2
2 1
1 0
0 0
3 3 2 4
1 1
2 2
0 1
1 0
0 0
1 1
3 4 4 2
2 3
2 2
1 1
2 1
1 0
0 0
3 4 5 1
2 3
2 2
1 1
1 1
2 1
0 0
4 3 3 3
1 1
2 2
2 1
2 0
1 0
0 0
3 4 5 1
2 1
1 2
1 1
2 2
2 1
0 0
32 32 5 9
2 16
2 8
2 4
2 2
2 1
21 0
12 0
26 0
15 0
6 0
2 0
16 0
23 0
13 0
4 3 4 2
1 3
1 2
2 1
1 1
0 1
0 0
3 4 5 1
2 3
2 1
2 1
1 1
1 1
0 0
4 2 3 2
1 3
2 1
1 2
1 0
0 0
4 3 4 2
1 1
2 1
1 2
2 1
1 0
0 0
4 2 2 3
2 1
1 3
2 0
1 0
0 0
3 4 3 4
2 1
1 1
2 2
0 1
1 0
0 0
1 1
4 3 5 1
2 2
1 1
2 1
1 1
1 1
0 0
2 4 4 1
2 3
1 1
2 2
2 1
0 0
3 4 4 2
1 2
2 1
2 2
2 1
1 0
0 0
3 3 4 1
1 2
1 1
2 2
2 1
0 0
3 4 4 2
1 1
2 1
1 1
2 1
0 1
0 0
1 3 1 2
2 1
0 1
0 0
4 3 3 4
2 1
1 3
1 1
0 1
1 0
0 0
1 1
4 3 5 1
1 1
1 2
2 1
1 1
2 1
0 0
4 3 5 1
2 1
1 1
1 1
1 1
2 1
0 0
3 4 2 6
2 3
2 1
0 1
0 0
2 1
2 0
1 0
1 1
4 3 5 1
2 1
1 1
1 2
1 1
2 1
0 0
3 4 1 9
2 3
0 1
1 2
0 0
2 1
2 0
1 1
2 2
1 0
0 2
3 3 4 1
1 2
2 2
2 1
1 1
0 0
32 15 20 3
1 31
1 30
1 29
1 28
1 27
1 26
1 25
1 24
1 23
1 22
1 21
1 20
1 19
1 18
1 17
1 16
1 15
1 14
1 13
1 12
10 13
0 8
11 1
3 3 4 1
2 2
1 2
2 1
1 1
0 0
3 4 5 1
1 2
2 1
2 1
2 1
1 1
0 0
3 4 2 3
2 2
2 1
2 0
1 0
0 0
4 2 4 1
1 3
1 1
2 1
1 1
0 0
3 3 3 2
2 1
2 1
1 1
1 0
0 0
4 3 5 1
1 1
2 1
1 1
1 1
2 1
0 0
3 3 4 1
2 1
1 2
1 1
2 1
0 0
3 3 4 1
2 1
1 1
1 1
2 1
0 0
4 3 5 1
2 1
1 3
1 1
2 1
1 1
0 0
4 3 4 2
2 2
1 1
1 1
2 1
1 0
0 0
1 3 2 1
2 1
2 1
0 0
2 4 1 6
2 3
0 1
1 2
0 0
1 1
1 0
0 2
3 3 3 2
1 2
2 1
2 1
1 0
0 0
3 4 2 6
2 3
2 2
0 1
0 0
2 1
2 0
1 0
1 1
4 3 4 2
1 1
1 2
2 1
2 1
1 0
0 0
2 4 3 2
2 1
1 1
2 2
0 1
0 0
32 32 5 7
1 16
1 8
1 4
1 2
1 1
0 0
0 19
0 16
0 5
0 8
0 2
0 28
3 4 5 1
2 3
1 1
2 2
2 1
1 1
0 0
4 3 4 1
2 1
2 1
1 2
1 1
0 0
3 4 5 1
1 1
2 1
1 1
2 2
2 1
0 0
2 4 2 4
2 1
2 2
0 1
1 0
0 0
1 1
3 4 3 4
2 3
1 1
2 1
0 1
1 0
0 0
1 1
3 3 4 1
1 1
2 1
1 1
2 1
0 0
3 4 4 2
2 3
1 2
2 2
2 1
1 0
0 0
3 4 3 4
2 1
1 2
2 1
0 1
1 0
0 0
1 1
4 2 1 4
1 2
0 1
1 0
0 0
1 1
3 4 5 1
2 3
1 2
2 2
1 1
2 1
0 0
3 4 4 2
2 1
1 1
1 1
2 2
0 1
0 0
4 3 2 6
1 1
2 1
0 1
0 0
2 1
2 0
1 0
1 1
4 2 1 6
1 1
0 1
0 0
2 1
2 0
1 0
1 1
3 4 4 2
1 2
1 1
2 3
2 1
0 1
0 0
32 32 8 17
1 3
1 12
1 10
2 20
2 17
2 15
2 1
2 12
7 8
5 9
8 3
2 6
4 7
2 9
8 11
5 7
4 4
7 7
9 9
7 4
8 8
7 10
9 5
8 5
3 5
3 4 5 1
2 1
2 2
1 1
2 1
1 1
0 0
4 2 3 2
1 3
1 1
1 1
0 1
0 0
4 1 2 1
1 2
1 1
0 0
3 4 5 1
2 1
1 1
2 1
2 1
1 1
0 0
3 4 5 1
1 2
2 1
2 1
1 1
2 1
0 0
4 3 4 2
2 1
2 1
1 1
1 2
1 0
0 0
4 3 3 2
1 2
2 2
1 1
0 1
0 0
4 3 3 2
2 2
2 1
1 2
1 0
0 0
4 3 5 1
1 1
1 1
1 1
2 1
2 1
0 0
2 4 4 1
2 1
1 1
2 1
2 1
0 0
2 4 1 4
2 2
0 1
1 0
0 0
1 1
4 3 5 1
1 3
2 1
2 1
1 1
1 1
0 0
3 3 4 1
1 1
1 1
2 1
2 1
0 0
2 4 3 1
1 1
2 2
2 1
0 0
3 4 4 2
1 2
1 1
2 3
2 2
0 1
0 0
3 4 4 1
1 1
2 2
1 1
2 1
0 0
3 3 4 1
2 2
1 1
1 1
2 1
0 0
4 2 2 3
1 1
2 1
2 0
1 0
0 0
4 3 5 1
1 3
2 2
1 1
2 1
1 1
0 0
3 3 4 1
1 1
2 2
1 1
2 1
0 0
4 3 3 3
1 1
1 1
1 1
0 1
0 0
0 2
4 3 5 1
1 1
2 2
2 1
1 2
1 1
0 0
3 4 5 1
2 1
1 1
2 2
1 1
2 1
0 0
4 3 3 3
2 2
1 3
2 1
2 0
1 0
0 0
3 4 4 2
1 2
2 3
2 2
2 1
1 0
0 0
3 4 5 1
2 1
1 2
1 1
2 1
2 1
0 0
3 4 5 1
2 1
2 1
1 1
1 1
2 1
0 0
4 3 5 1
1 3
1 2
2 1
2 1
1 1
0 0
4 2 3 2
1 1
2 1
1 2
1 0
0 0
4 3 4 2
1 1
1 2
2 2
2 1
1 0
0 0
4 3 5 1
2 2
2 1
1 3
1 1
1 1
0 0
1 3 2 1
2 1
2 1
0 0
4 1 3 1
1 1
1 2
1 1
0 0
3 4 5 1
2 3
2 1
1 1
1 1
2 1
0 0
3 4 4 2
2 3
2 1
2 1
1 2
1 0
0 0
3 4 5 1
2 1
2 1
2 1
1 2
1 1
0 0
4 3 4 2
2 2
1 1
2 1
1 1
1 0
0 0
2 4 3 2
2 3
1 1
2 2
0 1
0 0
4 1 2 2
1 3
1 2
1 0
0 0
4 3 5 1
2 1
1 1
1 1
2 1
1 1
0 0
4 3 3 4
2 1
1 1
1 1
0 1
1 0
0 0
1 1
3 3 4 1
1 2
2 1
1 1
2 1
0 0
4 3 5 1
1 3
2 1
1 1
1 1
2 1
0 0
3 4 5 1
1 1
2 3
2 1
1 1
2 1
0 0
3 4 4 2
2 3
1 1
1 1
2 2
0 1
0 0
3 4 4 2
2 1
1 2
2 1
2 1
1 0
0 0
4 3 4 2
1 1
1 1
1 1
2 2
0 1
0 0
3 4 2 4
2 2
1 1
0 1
1 0
0 0
1 1
2 4 2 2
1 1
2 2
0 1
0 0
3 4 3 3
2 1
2 1
2 1
2 0
1 0
0 0
3 4 2 6
2 3
1 1
0 1
1 2
0 0
1 1
1 0
0 2
3 4 5 1
2 3
2 2
1 2
1 1
2 1
0 0
3 4 4 2
2 3
1 1
2 2
2 1
1 0
0 0
2 4 4 1
2 3
2 1
1 1
2 1
0 0
3 4 5 1
1 1
2 1
2 1
1 1
2 1
0 0
3 4 4 2
1 1
2 3
2 1
1 1
0 1
0 0
3 4 4 2
2 3
1 2
1 1
2 1
0 1
0 0
4 3 3 3
2 2
1 1
2 1
2 0
1 0
0 0
4 3 5 1
1 3
1 1
2 2
2 1
1 1
0 0
3 3 2 3
1 1
1 1
0 1
0 0
0 2
3 4 5 1
2 1
2 2
2 1
1 1
1 1
0 0
3 4 5 1
2 3
2 2
2 1
1 2
1 1
0 0
4 2 2 4
1 3
1 1
0 1
1 0
0 0
1 1
32 32 3 10
2 16
2 8
2 4
22 3
18 0
20 3
8 1
11 2
21 2
23 2
25 3
24 3
14 2
3 3 3 2
1 2
2 1
1 1
0 1
0 0
3 3 4 1
2 1
1 1
2 1
1 1
0 0
3 4 4 1
1 2
1 1
2 2
2 1
0 0
3 3 4 1
2 1
2 1
1 2
1 1
0 0
4 3 4 1
2 1
1 2
1 1
2 1
0 0
4 3 4 2
1 1
2 1
1 2
1 1
0 1
0 0
4 3 2 6
1 1
1 2
0 1
1 2
0 0
1 1
1 0
0 2
3 4 2 4
1 1
1 1
0 1
0 3
0 0
0 2
3 3 4 1
2 2
2 1
1 2
1 1
0 0
3 4 5 1
2 1
1 2
2 2
1 1
2 1
0 0
3 2 3 1
1 2
1 1
2 1
0 0
4 3 4 2
2 2
2 1
1 3
1 2
1 0
0 0
3 3 3 2
2 1
1 1
2 1
1 0
0 0
2 4 4 1
2 3
2 2
1 1
2 1
0 0
4 3 3 3
1 3
1 1
1 1
0 1
0 0
0 2
2 4 3 1
2 2
2 1
1 1
0 0
3 2 3 1
1 2
2 1
1 1
0 0
2 4 4 1
2 1
2 1
1 1
2 1
0 0
3 4 4 2
1 2
2 3
1 1
2 1
0 1
0 0
3 4 3 3
2 3
2 1
2 1
2 0
1 0
0 0
3 4 3 2
1 1
1 1
2 2
0 1
0 0
2 4 4 1
2 1
2 1
2 1
1 1
0 0
4 3 4 2
1 3
1 1
2 2
1 1
0 1
0 0
2 4 4 1
1 1
2 3
2 1
2 1
0 0
4 3 5 1
1 3
1 2
2 2
1 1
2 1
0 0
4 3 4 2
1 3
1 1
1 1
2 1
0 1
0 0
4 2 4 1
2 1
1 3
1 2
1 1
0 0
3 4 3 2
2 2
1 2
1 1
0 1
0 0
4 3 4 2
2 2
1 3
2 1
1 2
1 0
0 0
4 3 3 4
1 1
2 1
1 2
0 1
1 0
0 0
1 1
4 3 3 4
1 3
2 1
1 1
0 1
1 0
0 0
1 1
4 2 3 1
2 1
1 2
1 1
0 0
4 3 1 9
1 3
0 1
1 2
0 0
2 1
2 0
1 1
2 2
1 0
0 2
3 4 3 4
2 3
1 2
2 1
0 1
1 0
0 0
1 1
4 3 5 1
1 1
1 2
2 2
1 1
2 1
0 0
4 3 4 2
1 1
1 1
2 2
1 1
0 1
0 0
3 3 3 2
1 2
1 1
2 2
0 1
0 0
3 4 4 2
1 2
2 3
2 1
1 1
0 1
0 0
3 4 5 1
1 1
1 1
2 3
2 1
2 1
0 0
3 4 5 1
2 3
1 1
1 1
2 2
2 1
0 0
3 4 2 6
1 1
2 1
0 1
1 2
0 0
1 1
1 0
0 2
4 3 4 2
1 1
2 2
2 1
1 1
1 0
0 0
4 2 3 2
1 3
1 2
1 1
0 1
0 0
2 4 4 1
2 3
2 2
2 1
1 1
0 0
4 3 5 1
1 3
1 1
2 1
1 1
2 1
0 0
3 4 5 1
1 1
2 3
2 2
1 1
2 1
0 0
3 4 3 2
2 2
2 1
1 1
1 0
0 0
4 3 4 2
1 3
2 1
1 2
1 1
0 1
0 0
3 4 5 1
2 1
1 1
2 2
2 1
1 1
0 0
4 3 2 6
1 1
2 2
0 1
0 0
2 1
2 0
1 0
1 1
3 4 3 4
2 1
1 2
2 2
0 1
1 0
0 0
1 1
3 4 5 1
1 1
2 3
2 2
2 1
1 1
0 0
3 3 3 2
2 2
1 2
2 1
1 0
0 0
4 3 3 4
1 3
1 2
2 2
0 1
1 0
0 0
1 1
3 4 5 1
2 1
2 2
1 2
1 1
2 1
0 0
4 3 5 1
1 3
1 1
1 1
2 2
2 1
0 0
3 4 4 1
1 1
2 2
2 1
1 1
0 0
4 3 2 4
2 1
1 2
0 1
1 0
0 0
1 1
4 3 5 1
1 3
1 2
2 1
1 1
2 1
0 0
3 4 4 2
2 1
2 2
2 1
1 1
1 0
0 0
1 4 2 2
2 1
2 2
0 1
0 0
4 3 2 4
1 2
2 1
0 1
1 0
0 0
1 1
4 3 4 2
1 3
2 1
2 1
1 2
1 0
0 0
3 4 5 1
1 1
2 1
2 2
2 1
1 1
0 0
4 1 2 2
1 1
1 2
1 0
0 0
4 3 5 1
2 1
2 1
1 3
1 2
1 1
0 0
3 4 5 1
2 3
1 1
2 2
1 1
2 1
0 0
4 3 5 1
1 3
2 2
1 1
1 1
2 1
0 0
3 2 1 3
2 1
2 0
1 0
0 0
3 4 3 3
2 1
1 2
1 1
0 1
0 0
0 2
4 3 5 1
2 1
1 3
1 2
2 1
1 1
0 0
3 4 3 4
2 3
2 2
1 1
0 1
1 0
0 0
1 1
4 3 4 2
2 1
1 1
1 1
2 1
1 0
0 0
4 3 4 2
2 2
2 1
1 1
1 1
1 0
0 0
3 4 3 3
1 1
2 3
1 1
0 1
0 0
0 2
2 4 4 1
1 1
2 1
2 1
2 1
0 0
3 2 1 4
1 1
0 1
1 0
0 0
1 1
3 3 3 2
1 2
2 2
2 1
1 0
0 0
1 4 2 2
2 3
2 2
0 1
0 0
4 3 5 1
1 1
2 2
1 1
1 1
2 1
0 0
4 3 5 1
2 1
1 3
1 2
1 1
2 1
0 0
2 4 3 2
2 3
2 1
2 1
1 0
0 0
4 3 4 1
1 2
1 1
2 1
2 1
0 0
3 4 4 2
1 2
1 1
2 1
2 1
0 1
0 0
4 3 3 3
1 1
1 2
1 1
0 1
0 0
0 2
3 4 3 4
2 3
2 1
1 2
0 1
1 0
0 0
1 1
4 3 3 3
1 3
2 1
2 1
2 0
1 0
0 0
4 3 4 2
1 3
2 1
1 1
1 1
0 1
0 0
4 3 5 1
2 2
1 1
1 2
1 1
2 1
0 0
32 32 1 10
1 16
4 29
5 10
14 1
7 16
14 15
12 11
12 16
12 22
12 3
15 17
3 4 5 1
2 3
1 2
2 1
1 1
2 1
0 0
3 4 4 2
2 3
1 2
2 1
2 1
1 0
0 0
4 3 5 1
2 1
1 3
1 1
1 1
2 1
0 0
4 3 4 2
1 1
1 1
2 1
1 1
0 1
0 0
4 3 4 2
1 3
1 1
2 1
1 1
0 1
0 0
4 2 3 2
1 3
1 2
2 1
1 0
0 0
3 4 4 2
2 1
2 1
1 1
1 1
0 1
0 0
4 3 5 1
2 2
2 1
1 1
1 1
1 1
0 0
2 4 3 2
2 3
2 1
1 1
0 1
0 0
4 3 3 4
1 3
1 1
2 2
0 1
1 0
0 0
1 1
3 4 5 1
1 1
2 3
1 1
2 2
2 1
0 0
3 4 4 1
1 1
1 1
2 2
2 1
0 0
3 4 4 2
1 2
2 1
2 2
1 1
0 1
0 0
3 4 4 2
1 1
1 1
2 3
2 1
0 1
0 0
2 3 1 4
2 2
0 1
1 0
0 0
1 1
4 3 4 2
1 3
1 2
2 2
1 1
0 1
0 0
3 4 4 2
2 1
2 2
2 1
1 2
1 0
0 0
4 2 3 2
1 1
2 1
1 1
1 0
0 0
4 2 3 1
1 2
1 1
2 1
0 0
3 4 4 2
1 2
2 3
2 2
1 1
0 1
0 0
4 3 4 2
2 2
1 3
1 2
2 1
1 0
0 0
4 3 3 4
1 3
2 1
1 2
0 1
1 0
0 0
1 1
1 2 1 1
2 1
0 0
4 2 1 4
2 1
3 0
2 0
1 0
0 0
3 2 2 2
1 2
1 1
0 1
0 0
3 4 4 2
1 1
2 1
1 1
2 2
0 1
0 0
4 3 5 1
1 3
2 1
1 2
1 1
2 1
0 0
4 3 4 1
1 2
1 1
2 2
2 1
0 0
4 3 4 1
1 2
2 2
2 1
1 1
0 0
3 4 4 2
2 3
2 1
1 2
1 1
0 1
0 0
2 4 3 2
1 1
2 3
2 1
0 1
0 0
3 4 5 1
2 1
2 2
1 1
1 1
2 1
0 0
2 3 2 2
2 1
1 1
0 1
0 0
4 3 4 1
2 2
1 2
1 1
2 1
0 0
3 3 1 6
2 1
0 1
0 0
2 1
2 0
1 0
1 1
4 3 3 4
1 1
2 2
1 1
0 1
1 0
0 0
1 1
3 3 3 2
1 2
1 1
2 1
0 1
0 0
2 1 1 1
1 1
0 0
1 4 1 3
2 1
0 1
0 0
0 2
4 3 5 1
2 2
1 3
1 1
2 1
1 1
0 0
32 32 3 9
1 16
1 8
1 4
0 22
3 13
0 24
2 11
1 17
3 30
0 31
1 0
1 31
4 3 3 4
1 3
2 2
1 2
0 1
1 0
0 0
1 1
3 4 2 4
1 2
2 2
0 1
1 0
0 0
1 1
3 4 5 1
1 1
2 1
1 1
2 1
2 1
0 0
3 4 4 2
2 3
2 2
2 1
1 2
1 0
0 0
1 4 1 3
2 3
0 1
0 0
0 2
2 2 2 1
1 1
2 1
0 0
3 4 4 1
2 2
1 1
2 1
1 1
0 0
2 4 4 1
2 3
2 1
2 1
1 1
0 0
3 1 2 1
1 1
1 1
0 0
3 3 2 4
2 1
1 2
0 1
1 0
0 0
1 1
3 4 3 2
1 1
2 2
1 1
0 1
0 0
4 3 4 2
1 3
2 1
1 1
2 1
1 0
0 0
4 3 5 1
2 1
1 1
2 1
1 1
1 1
0 0
3 4 4 1
2 2
1 2
2 1
1 1
0 0
4 3 5 1
2 2
1 1
2 1
1 2
1 1
0 0
4 2 1 6
1 3
0 1
0 0
2 1
2 0
1 0
1 1
3 4 5 1
1 2
2 1
2 2
1 1
2 1
0 0
4 3 4 2
1 1
2 2
1 1
2 1
1 0
0 0
3 4 4 2
2 1
2 1
2 1
1 2
1 0
0 0
4 3 5 1
2 2
1 3
2 1
1 2
1 1
0 0
3 4 5 1
1 1
2 3
2 1
2 1
1 1
0 0
3 4 4 2
1 1
2 3
1 1
2 2
0 1
0 0
4 3 5 1
1 3
1 1
2 2
1 1
2 1
0 0
4 3 4 1
2 1
1 2
2 1
1 1
0 0
1 3 1 2
2 2
0 1
0 0
32 32 2 10
2 16
2 8
17 5
28 4
11 5
10 7
28 3
12 5
29 2
15 7
10 1
29 5
3 4 3 3
2 3
1 1
1 1
0 1
0 0
0 2
3 4 5 1
2 1
2 1
1 2
1 1
2 1
0 0
2 2 1 2
2 1
1 0
0 0
1 4 2 1
2 2
2 1
0 0
2 4 4 1
1 1
2 1
2 2
2 1
0 0
3 4 4 2
2 3
2 1
1 1
1 1
0 1
0 0
4 3 4 1
2 2
1 2
2 1
1 1
0 0
3 3 3 2
2 1
1 2
2 1
1 0
0 0
4 3 5 1
1 1
1 2
1 1
2 1
2 1
0 0
4 3 4 2
2 2
1 3
1 2
1 1
0 1
0 0
3 4 4 2
2 1
1 1
2 2
1 1
0 1
0 0
4 2 4 1
1 3
1 2
1 1
2 1
0 0
3 4 2 4
1 2
1 1
0 1
0 3
0 0
0 2
4 3 5 1
1 1
1 1
2 1
2 1
1 1
0 0
3 4 4 1
2 2
1 2
1 1
2 1
0 0
4 3 5 1
1 1
2 1
2 1
1 2
1 1
0 0
4 3 4 2
1 3
1 1
2 2
2 1
1 0
0 0
3 4 4 2
2 3
2 1
2 1
1 1
1 0
0 0
4 3 5 1
1 1
1 1
2 2
1 1
2 1
0 0
4 3 4 2
1 3
2 2
1 1
2 1
1 0
0 0
4 3 5 1
2 2
1 3
1 2
2 1
1 1
0 0
3 4 5 1
2 3
2 1
1 2
1 1
2 1
0 0
3 4 2 6
1 2
2 1
0 1
1 2
0 0
1 1
1 0
0 2
3 4 4 2
1 1
2 1
2 2
2 1
1 0
0 0
4 2 2 4
1 1
1 2
0 1
1 0
0 0
1 1
3 4 3 4
2 1
1 1
2 1
0 1
1 0
0 0
1 1
3 3 3 2
2 2
1 2
1 1
0 1
0 0
3 4 4 2
2 1
2 1
1 1
2 1
1 0
0 0
4 3 4 1
1 2
2 2
1 1
2 1
0 0
3 3 4 1
1 1
2 2
2 1
1 1
0 0
1 4 3 1
2 3
2 1
2 1
0 0
2 4 3 2
2 1
2 2
2 1
1 0
0 0
4 2 4 1
1 1
1 2
2 1
1 1
0 0
4 3 2 6
2 2
1 3
0 1
0 0
2 1
2 0
1 0
1 1
4 3 4 2
1 1
1 2
1 1
2 2
0 1
0 0
3 4 5 1
1 2
1 1
2 1
2 2
2 1
0 0
3 4 5 1
1 2
2 3
2 2
1 1
2 1
0 0
2 4 2 3
1 1
2 3
0 1
0 0
0 2
3 4 4 2
1 1
2 3
2 2
2 1
1 0
0 0
4 3 3 2
1 2
2 1
2 1
1 0
0 0
3 4 4 2
2 1
1 1
2 1
2 1
1 0
0 0
2 4 2 3
2 1
1 1
0 1
0 0
0 2
3 4 5 1
2 3
2 2
2 1
1 1
1 1
0 0
3 3 4 1
1 2
2 2
1 1
2 1
0 0
3 4 4 2
2 1
2 2
1 2
2 1
1 0
0 0
2 4 4 1
1 1
2 3
2 2
2 1
0 0
4 3 4 2
1 3
2 2
2 1
1 1
1 0
0 0
4 3 4 2
1 1
2 1
2 1
1 1
1 0
0 0
3 4 4 2
1 1
2 3
2 2
1 1
0 1
0 0
4 3 2 6
1 3
1 2
0 1
1 2
0 0
1 1
1 0
0 2
3 3 4 1
2 2
1 1
2 1
1 1
0 0
3 2 3 1
1 1
1 1
2 1
0 0
4 3 3 3
2 1
2 1
1 3
2 0
1 0
0 0
4 3 4 2
2 2
1 3
1 1
1 1
0 1
0 0
4 3 3 4
1 1
1 2
2 2
0 1
1 0
0 0
1 1
2 2 1 2
1 1
0 1
0 0
3 4 3 3
2 1
2 2
2 1
2 0
1 0
0 0
1 4 2 2
2 1
2 1
0 1
0 0
4 3 3 3
2 2
2 1
1 3
2 0
1 0
0 0
4 3 4 2
1 1
2 2
1 2
1 1
0 1
0 0
3 3 2 3
1 2
1 1
0 1
0 0
0 2
4 3 5 1
2 2
1 1
1 2
2 1
1 1
0 0
3 4 5 1
2 3
1 2
2 2
2 1
1 1
0 0
3 4 3 2
2 2
2 1
1 2
1 0
0 0
3 4 5 1
1 1
1 1
2 1
2 1
2 1
0 0
2 3 3 1
1 1
2 1
2 1
0 0
3 4 4 2
2 3
1 1
2 1
1 1
0 1
0 0
4 3 5 1
1 3
2 2
2 1
1 1
1 1
0 0
4 3 4 2
2 2
1 1
1 2
1 1
0 1
0 0
3 4 4 2
1 2
2 1
2 1
1 1
0 1
0 0
3 4 2 4
1 1
2 2
0 1
1 0
0 0
1 1
3 4 4 1
1 2
2 2
2 1
1 1
0 0
3 4 2 6
2 3
1 2
0 1
1 2
0 0
1 1
1 0
0 2
2 4 2 2
2 2
2 1
1 0
0 0
3 3 3 2
2 2
1 1
1 1
0 1
0 0
3 4 4 2
1 2
2 1
1 1
2 1
0 1
0 0
3 3 2 4
1 1
2 1
0 1
1 0
0 0
1 1
4 3 4 2
1 3
2 2
1 1
1 1
0 1
0 0
4 3 5 1
1 3
1 1
2 1
2 1
1 1
0 0
3 4 5 1
1 1
2 3
1 1
2 1
2 1
0 0
3 4 3 2
1 2
1 1
2 2
0 1
0 0
2 3 1 4
2 1
0 1
1 0
0 0
1 1
4 3 5 1
1 3
2 1
1 1
2 1
1 1
0 0
4 3 3 3
2 1
2 1
1 1
2 0
1 0
0 0
4 3 4 2
1 1
1 2
1 1
2 1
0 1
0 0
3 4 4 2
2 3
2 1
1 1
2 1
1 0
0 0
2 4 2 3
1 1
2 1
0 1
0 0
0 2
4 2 3 2
1 3
2 1
1 1
1 0
0 0
3 4 5 1
2 1
2 1
1 1
2 1
1 1
0 0
32 32 4 8
1 16
1 8
1 4
1 2
1 16
0 18
0 5
1 9
0 31
1 29
0 3
1 11
3 4 4 2
1 1
1 1
2 1
2 1
0 1
0 0
2 3 2 2
1 1
2 2
0 1
0 0
3 3 2 4
1 2
2 2
0 1
1 0
0 0
1 1
3 3 2 4
2 1
1 1
0 1
1 0
0 0
1 1
32 32 2 9
1 16
1 8
3 25
1 14
6 0
6 30
1 1
5 21
6 13
7 11
5 29
3 3 3 2
2 1
1 1
1 1
0 1
0 0
3 4 2 6
2 1
1 1
0 1
1 2
0 0
1 1
1 0
0 2
4 3 2 3
1 2
1 1
0 1
0 0
0 2
4 3 3 2
1 2
1 1
2 1
0 1
0 0
4 3 3 4
2 2
1 1
1 1
0 1
1 0
0 0
1 1
32 32 4 8
2 16
2 8
2 4
2 2
27 0
30 0
20 0
11 1
24 1
1 0
24 0
22 0
15 32 20 3
2 31
2 30
2 29
2 28
2 27
2 26
2 25
2 24
2 23
2 22
2 21
2 20
2 19
2 18
2 17
2 16
2 15
2 14
2 13
2 12
6 11
10 0
12 10
4 3 2 6
1 1
1 1
0 1
1 2
0 0
1 1
1 0
0 2
4 3 5 1
2 2
1 1
1 1
1 1
2 1
0 0
3 4 3 4
2 3
1 1
2 2
0 1
1 0
0 0
1 1
4 3 4 1
1 2
2 1
2 1
1 1
0 0
4 3 4 2
1 1
2 2
1 1
1 1
0 1
0 0
3 4 5 1
2 3
1 2
1 1
2 1
2 1
0 0
3 4 4 2
2 1
1 2
1 1
2 1
0 1
0 0
4 3 5 1
1 3
2 1
1 2
2 1
1 1
0 0
2 4 3 2
2 1
2 2
1 1
0 1
0 0
3 3 3 2
1 2
2 2
1 1
0 1
0 0
3 4 4 2
2 1
2 1
2 1
1 1
1 0
0 0
4 3 4 2
2 1
1 1
1 2
1 1
0 1
0 0
4 3 4 2
2 2
1 1
1 2
2 1
1 0
0 0
3 4 4 2
2 3
1 2
1 1
2 2
0 1
0 0
3 4 3 4
1 1
2 1
2 1
0 1
1 0
0 0
1 1
3 4 3 3
2 1
1 1
1 1
0 1
0 0
0 2
3 4 5 1
2 1
2 1
1 2
2 1
1 1
0 0
4 3 4 2
2 1
1 3
1 1
2 1
1 0
0 0
3 4 5 1
1 2
1 1
2 3
2 1
2 1
0 0
3 4 3 4
1 2
2 1
2 1
0 1
1 0
0 0
1 1
3 4 3 2
2 2
1 2
2 1
1 0
0 0
4 3 3 3
2 2
2 1
1 1
2 0
1 0
0 0
4 3 3 4
1 1
1 1
2 2
0 1
1 0
0 0
1 1
3 4 3 4
2 1
2 2
1 2
0 1
1 0
0 0
1 1
4 3 2 6
1 3
2 2
0 1
0 0
2 1
2 0
1 0
1 1
32 32 12 16
2 10
1 16
2 20
1 13
2 1
1 12
1 1
1 5
1 1
1 4
2 12
2 3
1 2
2 7
3 2
0 0
2 6
3 3
1 0
2 2
3 8
0 6
0 5
0 4
3 7
0 3
0 8
2 4
2 4 4 1
2 1
1 1
2 2
2 1
0 0
3 4 4 2
1 1
2 1
2 1
1 1
0 1
0 0
4 2 3 2
1 1
1 2
2 1
1 0
0 0
4 3 5 1
1 1
2 2
2 1
1 1
1 1
0 0
3 4 5 1
2 3
1 1
2 1
2 1
1 1
0 0
4 3 5 1
1 3
1 2
2 2
2 1
1 1
0 0
3 3 4 1
1 2
2 1
2 1
1 1
0 0
4 3 4 2
2 2
1 3
2 1
1 1
1 0
0 0
3 3 3 2
1 1
2 1
1 1
0 1
0 0
3 4 4 2
2 3
1 2
2 2
1 1
0 1
0 0
1 4 3 1
2 1
2 2
2 1
0 0
4 2 4 1
2 1
1 1
1 2
1 1
0 0
4 1 3 1
1 3
1 2
1 1
0 0
2 4 3 2
2 1
2 1
2 1
1 0
0 0
4 2 3 2
1 3
1 1
2 1
1 0
0 0
3 4 5 1
1 2
2 1
1 1
2 2
2 1
0 0
3 4 4 2
1 2
2 1
1 1
2 2
0 1
0 0
3 4 4 2
2 1
1 1
2 2
2 1
1 0
0 0
2 4 3 2
1 1
2 1
2 1
0 1
0 0
4 3 5 1
2 1
1 3
2 1
1 1
1 1
0 0
3 4 3 4
1 2
2 3
2 1
0 1
1 0
0 0
1 1
2 3 2 2
1 1
2 1
0 1
0 0
1 4 2 2
2 3
2 1
0 1
0 0
3 2 2 2
1 1
2 1
1 0
0 0
4 3 5 1
1 3
1 1
1 1
2 1
2 1
0 0
4 3 3 4
2 1
1 3
1 2
0 1
1 0
0 0
1 1
3 4 3 4
1 1
2 3
2 2
0 1
1 0
0 0
1 1
3 4 4 1
2 2
2 1
1 2
1 1
0 0
4 3 4 2
1 3
2 2
1 2
1 1
0 1
0 0
3 4 3 3
2 3
2 2
2 1
2 0
1 0
0 0
4 2 4 1
2 1
1 1
1 1
1 1
0 0
3 4 5 1
2 3
1 2
2 1
2 1
1 1
0 0
4 3 4 2
1 3
1 1
2 1
2 1
1 0
0 0
2 4 3 2
2 1
2 1
1 1
0 1
0 0
3 4 4 1
2 2
2 1
1 1
1 1
0 0
4 3 5 1
1 1
1 2
2 2
2 1
1 1
0 0
4 2 4 1
2 1
1 3
1 1
1 1
0 0
3 4 2 6
2 1
2 1
0 1
0 0
2 1
2 0
1 0
1 1
4 2 3 1
1 2
2 1
1 1
0 0
4 3 1 8
2 1
0 1
0 0
3 0
3 1
2 1
2 0
1 0
1 1
3 4 2 6
2 1
2 2
0 1
0 0
2 1
2 0
1 0
1 1
3 4 4 1
1 2
2 2
1 1
2 1
0 0
4 3 4 2
2 1
1 3
1 2
2 1
1 0
0 0
3 4 5 1
2 3
2 1
1 2
2 1
1 1
0 0
3 4 5 1
1 2
2 1
2 2
2 1
1 1
0 0
4 3 5 1
2 1
2 1
1 1
1 2
1 1
0 0
4 2 3 2
1 1
1 1
1 1
0 1
0 0
3 4 1 8
1 1
0 1
1 2
0 0
1 3
1 1
1 0
0 2
0 3
4 3 5 1
2 1
1 3
2 1
1 2
1 1
0 0
4 2 2 2
1 2
1 1
0 1
0 0
3 4 3 3
1 2
2 1
1 1
0 1
0 0
0 2
4 3 3 4
2 2
1 3
1 1
0 1
1 0
0 0
1 1
32 32 10 1
2 16
2 8
2 4
1 16
1 8
2 2
1 4
1 2
1 1
2 1
0 0
4 3 3 3
2 1
1 3
2 1
2 0
1 0
0 0
3 4 4 2
1 2
2 1
2 1
2 1
1 0
0 0
3 4 5 1
1 2
1 1
2 3
2 2
2 1
0 0
4 1 2 2
1 1
1 1
1 0
0 0
3 4 3 3
2 3
1 2
1 1
0 1
0 0
0 2
1 4 3 1
2 3
2 2
2 1
0 0
4 3 4 2
2 1
1 3
1 2
1 1
0 1
0 0
3 3 2 3
2 1
2 1
2 0
1 0
0 0
4 3 4 2
2 1
1 1
2 1
1 1
1 0
0 0
4 2 3 2
2 1
1 1
1 1
1 0
0 0
2 3 3 1
1 1
2 2
2 1
0 0
4 1 2 2
1 3
1 1
1 0
0 0
4 1 1 2
1 2
1 0
0 0
2 4 3 2
2 1
1 1
2 1
0 1
0 0
4 3 4 2
1 3
2 1
2 1
1 1
1 0
0 0
4 3 3 4
1 1
1 1
2 1
0 1
1 0
0 0
1 1
3 4 4 2
1 1
2 1
2 2
1 1
0 1
0 0
3 4 4 2
2 1
2 2
1 1
2 1
1 0
0 0
3 3 4 1
2 2
1 2
1 1
2 1
0 0
3 4 3 4
1 1
2 3
2 1
0 1
1 0
0 0
1 1
3 4 4 2
2 3
1 1
2 1
2 1
1 0
0 0
4 2 4 1
1 1
1 1
1 1
2 1
0 0
4 3 5 1
2 2
1 3
1 2
1 1
2 1
0 0
3 4 2 4
2 2
1 2
0 1
1 0
0 0
1 1
32 32 1 10
2 16
4 10
13 12
3 3
9 2
7 12
20 11
14 14
23 6
19 1
14 8
4 3 5 1
1 1
1 2
1 1
2 2
2 1
0 0
4 3 5 1
1 3
2 2
2 1
1 2
1 1
0 0
3 4 3 3
1 2
2 3
1 1
0 1
0 0
0 2
2 3 3 1
2 1
2 1
1 1
0 0
3 4 4 2
2 1
1 2
2 2
2 1
1 0
0 0
4 3 4 2
2 1
2 1
1 1
1 1
1 0
0 0
3 4 3 4
2 3
2 1
1 1
0 1
1 0
0 0
1 1
2 4 2 4
2 3
2 2
0 1
1 0
0 0
1 1
4 3 3 2
2 1
1 2
2 1
1 0
0 0
4 3 5 1
1 1
2 1
1 2
2 1
1 1
0 0
3 4 4 2
1 1
1 1
2 3
2 2
0 1
0 0
2 2 2 1
2 1
1 1
0 0
4 3 5 1
1 1
2 2
1 2
1 1
2 1
0 0
2 4 1 4
1 1
0 1
0 3
0 0
0 2
4 3 4 2
1 1
1 2
2 1
1 1
0 1
0 0
3 4 5 1
2 1
1 2
2 2
2 1
1 1
0 0
3 4 3 3
1 2
1 1
2 1
0 1
0 0
0 2
3 4 3 4
1 1
2 1
2 2
0 1
1 0
0 0
1 1
4 3 4 2
2 1
2 1
1 3
1 2
1 0
0 0
4 3 4 2
1 3
1 2
2 1
2 1
1 0
0 0
4 3 4 2
2 2
1 3
1 1
2 1
1 0
0 0
4 3 5 1
1 1
2 2
1 2
2 1
1 1
0 0
3 2 3 1
1 1
2 1
1 1
0 0
4 3 4 2
1 3
1 2
1 1
2 1
0 1
0 0
3 3 3 2
2 2
1 1
2 1
1 0
0 0
4 1 3 1
1 3
1 1
1 1
0 0
3 4 3 2
2 2
1 1
2 1
1 0
0 0
3 4 4 2
1 1
2 1
2 1
2 1
1 0
0 0
4 3 2 4
2 2
1 2
0 1
1 0
0 0
1 1
4 3 3 2
2 2
1 2
1 1
0 1
0 0
3 4 4 2
2 3
1 2
2 1
1 1
0 1
0 0
3 4 4 2
1 1
2 3
2 1
2 1
1 0
0 0
4 3 1 6
1 2
0 1
1 2
0 0
1 1
1 0
0 2
3 2 2 2
2 1
1 1
1 0
0 0
4 3 4 2
1 3
2 2
2 1
1 2
1 0
0 0
3 2 2 2
2 1
1 2
1 0
0 0
3 4 4 2
2 3
2 1
1 2
2 1
1 0
0 0
3 4 4 2
2 1
1 2
2 1
1 1
0 1
0 0
3 4 5 1
2 1
1 1
2 1
1 1
2 1
0 0
3 3 3 2
1 1
2 2
1 1
0 1
0 0
4 3 5 1
2 2
1 3
1 1
1 1
2 1
0 0
3 3 3 2
2 1
2 1
1 2
1 0
0 0
4 2 2 2
1 2
2 1
1 0
0 0
3 4 5 1
1 2
2 3
2 2
2 1
1 1
0 0
3 4 4 2
2 3
2 2
2 1
1 1
1 0
0 0
3 4 3 4
1 2
2 1
2 2
0 1
1 0
0 0
1 1
3 4 5 1
2 3
2 2
1 2
2 1
1 1
0 0
4 3 5 1
2 2
1 3
2 1
1 1
1 1
0 0
3 4 3 2
1 1
2 2
2 1
1 0
0 0
4 3 4 2
2 1
1 1
1 1
1 1
0 1
0 0
3 3 4 1
1 1
1 1
2 2
2 1
0 0
3 2 3 1
2 1
1 2
1 1
0 0
4 3 3 2
1 2
2 1
1 1
0 1
0 0
3 3 4 1
2 2
2 1
1 1
1 1
0 0
4 3 3 2
1 2
1 1
2 2
0 1
0 0
4 3 5 1
2 1
1 1
2 1
1 2
1 1
0 0
3 4 5 1
2 1
1 1
1 1
2 2
2 1
0 0
4 3 4 2
2 1
1 3
2 1
1 1
1 0
0 0
4 3 5 1
1 1
2 1
2 1
1 1
1 1
0 0
3 4 5 1
2 3
2 2
1 1
2 1
1 1
0 0
4 3 4 2
2 1
1 1
1 2
2 1
1 0
0 0
3 4 3 4
2 3
1 2
2 2
0 1
1 0
0 0
1 1
4 3 4 2
2 2
2 1
1 1
1 2
1 0
0 0
2 4 2 4
2 1
2 1
0 1
1 0
0 0
1 1
3 4 3 3
1 1
2 1
1 1
0 1
0 0
0 2
4 2 4 1
1 1
2 1
1 2
1 1
0 0
4 3 5 1
2 1
1 1
1 2
2 1
1 1
0 0
3 4 4 2
1 2
1 1
2 1
2 2
0 1
0 0
3 3 2 4
2 2
1 2
0 1
1 0
0 0
1 1
4 3 3 4
2 1
1 1
1 2
0 1
1 0
0 0
1 1
3 3 3 2
1 1
2 2
2 1
1 0
0 0
10 8 3 2
2 2
1 3
1 1
0 1
4 4
4 3 2 6
2 1
1 3
0 1
0 0
2 1
2 0
1 0
1 1
3 4 5 1
2 3
1 1
1 1
2 1
2 1
0 0
3 3 3 2
2 1
1 2
1 1
0 1
0 0
3 4 3 4
2 1
2 2
1 1
0 1
1 0
0 0
1 1
4 3 3 2
2 2
1 2
2 1
1 0
0 0
3 4 5 1
1 2
2 3
1 1
2 2
2 1
0 0
4 3 3 4
1 1
2 1
1 1
0 1
1 0
0 0
1 1
1 3 2 1
2 2
2 1
0 0
4 3 4 2
1 3
1 2
1 1
2 2
0 1
0 0
3 4 3 2
1 2
2 2
2 1
1 0
0 0
2 4 2 4
2 3
2 1
0 1
1 0
0 0
1 1
2 4 3 2
2 3
1 1
2 1
0 1
0 0
4 3 3 3
2 1
1 1
2 1
2 0
1 0
0 0
4 3 3 4
1 3
2 2
1 1
0 1
1 0
0 0
1 1
3 3 3 2
2 2
2 1
1 2
1 0
0 0
2 3 2 2
2 2
2 1
1 0
0 0
4 3 4 2
1 3
2 2
1 2
2 1
1 0
0 0
3 3 3 2
2 2
2 1
1 1
1 0
0 0
4 3 2 4
1 2
2 2
0 1
1 0
0 0
1 1
2 4 3 1
2 2
1 1
2 1
0 0
3 4 3 4
2 1
2 1
1 1
0 1
1 0
0 0
1 1
4 3 1 8
2 2
0 1
0 0
3 0
3 1
2 1
2 0
1 0
1 1
2 4 2 2
2 2
1 1
0 1
0 0
4 2 4 1
1 1
1 1
2 1
1 1
0 0
4 3 5 1
1 3
2 2
1 2
2 1
1 1
0 0
3 4 5 1
1 2
1 1
2 1
2 1
2 1
0 0
3 2 1 4
1 2
0 1
1 0
0 0
1 1
4 3 5 1
1 1
1 1
2 1
1 1
2 1
0 0
4 2 2 4
1 3
1 2
0 1
1 0
0 0
1 1
3 3 4 1
1 2
1 1
2 1
2 1
0 0
2 3 1 3
1 1
0 1
0 0
0 2
3 4 1 9
2 1
0 1
1 2
0 0
2 1
2 0
1 1
2 2
1 0
0 2
3 4 3 4
2 3
2 2
1 2
0 1
1 0
0 0
1 1
3 4 5 1
1 1
1 1
2 1
2 2
2 1
0 0
4 3 5 1
1 1
1 1
2 2
2 1
1 1
0 0
3 2 3 1
2 1
1 1
1 1
0 0
3 4 4 2
1 2
2 3
2 1
2 1
1 0
0 0
1 4 1 2
2 2
0 1
0 0
4 2 4 1
1 3
1 2
2 1
1 1
0 0
3 4 4 1
2 2
1 1
1 1
2 1
0 0
3 4 5 1
2 1
1 2
2 1
2 1
1 1
0 0
2 4 4 1
2 3
1 1
2 1
2 1
0 0
3 4 2 6
1 2
2 3
0 1
1 2
0 0
1 1
1 0
0 2
4 3 3 4
1 3
1 1
2 1
0 1
1 0
0 0
1 1
4 3 5 1
1 1
2 1
1 1
2 1
1 1
0 0
3 3 2 3
2 2
2 1
2 0
1 0
0 0
3 3 3 2
1 1
1 1
2 2
0 1
0 0
4 3 4 2
1 1
2 2
2 1
1 2
1 0
0 0
4 2 3 2
2 1
1 3
1 2
1 0
0 0
3 3 1 6
1 1
0 1
1 2
0 0
1 1
1 0
0 2
2 4 2 3
2 3
1 1
0 1
0 0
0 2
4 2 3 2
2 1
1 3
1 1
1 0
0 0
4 3 3 4
2 2
1 3
1 2
0 1
1 0
0 0
1 1
3 4 5 1
2 3
2 1
2 1
1 2
1 1
0 0
4 1 1 3
1 3
2 0
1 0
0 0
3 4 1 8
1 2
0 1
1 2
0 0
1 3
1 1
1 0
0 2
0 3
4 2 3 2
2 1
1 1
1 2
1 0
0 0
4 3 5 1
2 2
1 1
1 1
2 1
1 1
0 0
3 4 5 1
2 1
2 2
1 2
2 1
1 1
0 0
4 3 3 3
1 3
1 2
1 1
0 1
0 0
0 2
4 3 5 1
1 1
1 2
2 1
2 1
1 1
0 0
4 3 3 2
2 1
1 2
1 1
0 1
0 0
4 3 3 2
1 2
2 2
2 1
1 0
0 0
4 3 4 2
1 1
2 2
1 2
2 1
1 0
0 0
3 1 2 1
1 2
1 1
0 0
4 3 4 2
1 1
2 1
2 1
1 2
1 0
0 0
4 3 4 2
2 1
1 3
2 1
1 2
1 0
0 0
4 3 3 2
2 1
2 1
1 2
1 0
0 0
3 4 4 2
2 1
1 1
1 1
2 1
0 1
0 0
4 3 4 2
2 1
1 3
1 1
1 1
0 1
0 0
4 3 2 6
2 2
1 1
0 1
0 0
2 1
2 0
1 0
1 1
4 3 1 9
1 1
0 1
1 2
0 0
2 1
2 0
1 1
2 2
1 0
0 2
3 4 5 1
2 1
1 2
2 1
1 1
2 1
0 0
2 4 3 2
1 1
2 3
2 2
0 1
0 0
3 4 3 2
2 2
1 1
1 1
0 1
0 0
0 0 0 0
