7 334
2615 32
18 14
4247 27749
1775 1223
2104 592
1385984 4
33437 19919
6548 38641
499525863 2
124915692 8
137 176
5048202 198
4043 4
916 82
1148 3160
1821875 2
115 2672
22 108
93 289
1 61
275 28
155837 3314
982 2484
151070 2908
63 286
3872937 258
7998 12
21 234
499726154 2
765048 998
5424 28425
121 1084
55 72
2854 11156
292909206 2
8763564 114
516909 12
4514 22
3 5
103 6
1119717 768
20390 28757
22 347
1626954 614
2 130
25008573 2
410 8
13 6
453 1367
6336 38831
108 9905
694 66
336575 2912
23747750 10
39362 20198
850669 60
10389 470
11738 34488
29 159
30 303
4894271 2
10573 35377
389 110
10997 35048
1606 43140
5615 14
1057 256
4599 2
322 168
349402 2850
364389 2732
8614295 94
43761 15468
11727 4838
789839 326
59 272
3074 41734
173 202
9742 384
15 213
179316 92
3047 41758
992 10
866610 134
367441 2710
20384401 40
624 36
2466 26962
9257875 108
11195 8
94756 18
15414784 6
453525 2198
11102191 90
67 58
550325 1814
111 342
5072 39936
2581 28
20546 28657
67506 392
59 14
9553 36161
939 25620
1120 43611
35694758 28
64398 62
360428 2
113 16
236 197
4 1
40 101
31394 1226
117 38
635 907
1005 2
1892682 528
730 250
711 44002
1539 2
28982 10
405 965
22 83
5021 24542
19578 2
108125 70
105132 804
4724994 2
65 478
1250 40
211 10
7 3
2337663 156
48743805 14
27677056 18
33550 15364
41672 19454
23486 3796
1685 4
251 11
32713 276
52418 15034
166 304
19 419
1335 11225
6312 14
579 44141
36277 17335
21700 18133
2534 28337
1 6
9 126
7626 846
4722 188
77006 12037
80 163
22068 27801
902 8583
119864 4
529 6
124 178
107 761
2044 46
940 10
41 192
12329 9847
21988 27838
4950 2
194818 1258
389481 2558
3411 2
49 40
1767 12153
33 395
3064 34859
2952 41845
70625 62
3 533
6 749
1505 2923
1843 4644
4888 166
113 224
249915433 4
864 19553
249 191
38468 9754
62123 14422
18643 24
69 100
97 48
57269 15382
33828 22244
2185 198
1437 6
105053 8
2717 8
8 83
1891957 528
1 11
975 24
22 96
19851 2
2972 6583
3378 41466
3 136
134 299
1315 18
70007 13060
13707 33053
15672 408
9850 35922
10 12
2613 10646
8 53
79 124
77613 11952
39 157
192 6
220 204
15769339 36
32 60
2311 316
30 2
74477 5074
38295 20582
20999 400
293 224
286 553
139 285
45000 2
7 46
237 26
68489 10
608 8
499747469 2
125 274
3183644 314
4247 130
129202710 2
3081 29010
48 2
15409 36
10926 8
73 213
88 61
468 3111
64 4
50 97
99 512
12305 68
4255 72
120 24
2191006 456
166625226 6
11527834 6
1381788 14
2681 10528
109910 202
3 116
20 29
7291 810
28672 24433
143 284
8074 36
579 2561
495 8
26 93
241101 12
14642 3709
2118 389
6 119
11612 4
902397 26
90 207
44240005 22
11 119
42554 14
116 226
61704 3014
59568 14912
1759 30
8038 7753
1048 174
4605 12
1768 4
2058 14
66168 13688
22268 8
2685 1808
124972005 8
341903 26
43128788 4
291752 3406
30158 2
95 1059
110 32
83268363 12
3783 41077
572 10
1873 42888
1098998 16
552 120
2766 26
828097 1206
2322 30
11079 34992
2281328 4
2803403 344
59846 8
329 182
23011 20731
266 10
465163 174
7 29
256 1
106 22
47 262
16 171
5780 262
17726 346
596390 118
264 134
13145393 76
83290120 12
499739891 2
25970 2
33058 22549
99682 9564
344 22
1066 5988
45 296
4385510 14
1001 68
1449 43295
2 51
2167663 4
381 1073
99 305
2227601 20
251 20
3032 28
86357 164
24390 684
406 16
144226 6768
2102276 2
20460 264
25045 34
2780776 28
35111 28
10339 4
1328 2743
282100 3520
613 1588
3756546 266
91 211
5 20
37271 20938
13691 50
73192 40
2789 11165
38738 2
780 8
767 803
115 4
3112046 2
12585 278
1482329 674
592 10
169 102
16264 30402
174 2
46 388
3731 3586
99699125 8
1253 2693
28445 4
5 62
1 2
56 49
476 1052
42831 19091
5552802 66
2548871 392
86918 26
463 18250
1992740 40
21 28
37 220
123129 72
1046 20
185510 8
21450 1994
55 128
119 20
14278336 70
49724 1694
607406 8
251132 3950
13 125
327 914
47388 17762
984723 1014
49968666 20
33 109
1395 2
40185 19938
10703 572
1038705 962
771923 1294
118017225 8
3 11
232500 320
109 3483
499807331 2
499621434 2
526125 20
797 1973
373 907
64 1
2540 2
56007 290
11858 26
22 4
293 2984
411706 162
336 6
142 100
20704 4
179 607
10685 8
79 83
9293 8
116 193
97812 9734
78561 12
19224265 52
121 304
3028 108
106973 2
11 8
21509 2
73623 12512
16582 31102
22266741 2
49252 4
3843332 260
441 56
6084 7253
119662 1746
48294 2
21287193 12
150 266
3526 28
15611293 64
649859 4
9683 758
5 95
89 31
9 169
11438 2
124958492 8
91907 58
92127 9795
351 18
17227343 58
32909 22610
7046 29790
295665 170
36 68
2397 41436
3646 6
43 93
397 18
47 14
1 20
41646792 24
11 85
1734 32
575 14
5060 14
36325 9270
679369 1470
10841 35156
183805 2434
694391 38
24485 4
7 30
21 98
1 116
3699 10333
94 1017
83289100 12
2220136 450
8525 1664
29 259
33276 2060
1300420 768
415041 2402
249891857 4
420 170
545029 40
588 2855
633191 8
24488 224
301483 138
3935 8
50298 16994
103062 9276
196 157
11618417 86
475 4
268 58
2635 34
20905 4
58707 360
642 8
22285 27679
95843 868
2504 2
13819 444
114 44
296 8
7421 38
24374940 2
331189 150
1117645 894
90923 10394
144032 326
148 843
145128 6732
125 62
16464 6
28 24
821 92
160 190
14 150
108 149
17 67
459 54
5804 10
15070603 6
5898 6
2441 158
575 4
278425 10
22978 9874
29 44
8289 37182
51 86
3192635 2
511 22189
58958645 10
23661 3552
16246 546
6790 11610
3310026 302
82 796
9433 36262
64789 10
16092 6
1145768 4
622 2688
2477 4
7458074 134
1678 4
243 6
1489367 4
344 3392
47855 1862
177336 212
10875603 32
81190 262
96 331
9684 6
2478 912
2871147 348
5796 2
16 1
35641 16552
219332 4
1 37
3453 3788
361 88
649 839
7890 7622
45 172
101 32
23546569 4
12516 2
82292 40
86 286
8305 37163
286 22
828189 230
2591678 2
606 522
818 881
147 272
22219580 4
15006 30011
4427018 2
1287273 504
28 48
637 3546
1786 8021
54 44
43 2708
1910 2632
124960835 8
49 139
1040205 960
1 73
24 129
273 26
1747 18
52461 12
28 365
3584 26
940740 594
1 65
145822 6700
5 954
249758522 4
56754 6
107697 8910
4401 40526
44 2
1533 44
9069 3146
63 317
39 47
41097 19631
66163854 2
23773 26863
2855807 350
17 24
5075 10
11 81
1675527 468
1678480 202
77480 242
212 40
8311515 2
634 222
302 28
28138 8749
71420922 14
7 373
26760384 2
876 2
1155403 852
900 740
71 50
3171 10893
103896922 6
822694 46
9960 44
3977 10
96 245
1 13
17687 30398
2090863 478
2230 2672
1351 556
63 48
2301 34290
2824 41973
23 359
930475 1074
44 316
30143 3124
89431 78
1560 2
163417 330
1112 1850
61963 12154
214 4
728920 130
194 261
22494 26
1391 43350
2 1
235740 4202
578702 1724
21536 20258
78527 11840
176459 34
4783 6718
3 9
1582 11908
428 2
79016 110
5553040 180
3218 482
95 1493
576984 1730
106475 9008
5996 488
56 64
614 10
4433 22
2064 42684
220 737
2005 42
320 1119
3 68
10 91
406 512
83312734 12
668 2239
32783507 14
37 89
798 2
16 72
4888 6
2027628 2
53 22
4 4
27706 1446
572 154
9798738 102
474 44
4 33
1009 9130
262 2790
212923 4642
956 2
3 13
30 62
4118 8
2 6
5 9
53536 16218
830814 2
8 12
4910 110
788 8
173 235
166547412 6
958 6552
2465 4
934 4297
39 36
1881 6
218 28
2049 2
55344 15804
499927740 2
41 23
528340 1888
10876 35139
9 23
4 10
377538 2
2020 40
1166 460
24 20
293 106
499771853 2
10677 35289
87 6
188789 2554
31084 12030
71418089 14
275 451
9 6
499924143 2
499969514 2
334 220
22853 2
499854354 2
52327 8104
125309 7736
69 26
3240 2
89033256 8
12475 2178
42359 2
785 43934
4070 104
65169 1160
2054 46
901 486
8999 35032
442921 2250
31 52
1107 1528
21372 28176
45335 10
5068 6
99948440 10
31901 2
141 12662
24841 1518
20 81
597 126
377340 2640
5 250
15 697
80 385
6 43
345027 20
466601 2138
4 278
20 59
1738 234
214 16
840 744
844 34
619982 1610
1902598 36
900 2
29522 24049
8045 3838
100994 9062
78 113
816 78
5433 18
5952280 168
522 18
249905675 4
221972993 4
7325 4
58978 4
18730 52
13 73
234 12
272 194
13 515
35474 2
326456 2
3629 176
54494 14
5159 14
61322784 6
2724 28537
1965 158
356675 2
410 2
922865 1082
896993 1114
4092 21187
6218486 40
13310 18689
862 2566
20828496 48
188602 5226
7324 37978
83828 1454
54580 15970
29402317 34
925 1468
1246250 802
2920 168
1202 8
3441 818
13508997 74
5949411 168
480267 2076
8 67
717099 1392
59 139
27761011 36
1191 8
156010 6282
1617 431
15353611 6
18 67
2 56
4365 2
587826 1556
11249715 2
104989 9126
22369 27624
2411 358
3786309 264
12597 390
2682125 20
620396 2
49818 17117
3481 10
1504 30
4050909 6
22598210 32
23494 27012
65536 1
2627 42157
447266 392
665 98
125 187
17 69
4793 874
257 94
9 37
910391 202
490988 2032
115 328
490342 4
8277 326
23 4192
15313 358
2671603 36
8793 36776
1841 20
243528 2
102657 6
20024 704
840 42
3 124
7266455 98
499906320 2
423331 96
206 308
261 146
7632 19160
499687329 2
8 19
27 68
633 44073
255 3
25 371
25381943 22
3675 41196
690 2
13901 2
68384 13324
435 122
4184 2
7456 16229
834 2
71570 12812
11 207
547 10
221 2
217 31
48 146
44 242
239 914
44 10
71357288 14
2302748 32
49954502 20
31 286
109 66
41641299 24
408 48
174793 4
215 278
1971 2162
1814 26238
1892167 528
19409 50
1 82
414996 2
1615239 552
80 188
3746 26
68 384
77622 170
32768 1
4435 9760
1606 6
14 2
1 14
22384 42
305293 3256
72 8
7017 38234
140 28
35 106
16 140
291 176
1104 1140
416 44290
38823 456
69 134
201 48
599 130
139172 4
27484 34
38520 9350
276613 3354
65349 884
613 64
26486 2
1620 2700
85644 650
7183 22
24874 172
472524414 2
90227 8731
5187 13044
24100 26698
55940 14
1404 36
33827 230
13370813 8
