4
0011110111011000110000100100111000111011011001000010
9102
1110110101110011000101110000110100010011010101111101
961709005702
1100111010110010101001110000001010111001100010111001
463400964499
1001001001100000000010010010000010001100111100110100
723010449434
1111110111110110010100100011000011111010101111110010
8
1010100010101000101110111111010111001010101111001011
23519557270003416
1000001010111010010111100111101100011011110101011100
8509217790632
0010011100001110010111100110011100011100111000100111
5892
0001010101101100001100010100111000110101000110000111
368827777689
1101101111001010011001010101011000011010001100111111
69944258086
1000001111011100011010100011110010110101011110000101
50510412945372
0110111010110100000011001001111100101010101101001111
5554698487
0011110100110101011111011011111000000010000000000111
3856072
0101011011000111101010101010011011110100010111010000
61850478951095
0000000011001101001000101010100001100010001011011010
99106054605
1110100111100111101010010010011100101011110011001111
2
1011100001110010111000001110010111111100100001001101
11
1110000101000001001110100110111001111110101101010101
4883145313
1101011101010111110000111100000001000101100100010000
380616005715559
0000100011010011100110101000111101011000000001010110
323260328554996
1000000100111111101011000011111100010011001101001001
2196645116229
1101000001101011000110000000001110011011010000010111
64421875
0000000000010000010011000011101111011101110001101000
256
1010001111011111000111111101100000011010110100111101
59002734319752
1110001000100110000101110001110010111001111000010111
83470004120853435
1001001001010111100110010000110010101100100110011000
7818213945829
0101111000101010000110000000111100010011111110001001
7676484260482
0110111001111101010111100111111111110010011011110011
55700791725962
1011111000110110110111111101101111010111010101011111
58070222
1000110011010001001010110000101001010000000100110100
388033812
0111010001010100110010111111100010011111010100011110
332288946555920
0100010100100101010000000011111011101110110100000010
2547197
1110111010111010000101111010111100100011101110011110
2474
1111001110011010010111110000111011010111011001111101
692709849963
1100011110100111100011000110011100111010000101011100
7722521
0101110000100110100011101100001010011101010000111100
399402588473
0111111001011001001001011101111100011001111100000011
700942
1110011101010011111110100101100110010000100001101010
143310503828
0000111011000010101111101001000111010111110111101111
459069183
0101110000100011001101110111000110001011010100001101
5363
1100000100000100100000011010000000110010010011010000
96
0100110001110010010110101011001000111000010001011101
418
0001111110000101110010000001101011000010101100101000
609
1111110101011000001100100110110110101011010110000101
181575964
0001001010110010101100111011000111101010011001101000
6
0001011111100001001100010100011011110001100100100111
9657242184142867
0110101111101100001101001001110101010010001100010000
30139612110310127
1110110000001101010010000101111100011111101101101100
9633705556032860
0111110100110101111001111011111100111110111001001011
47
0101010100101010001111110010010111110010011110001100
5086379929952
1011110001001010010110000011011101011000101010110000
356451
1011100111110011110110001010010010011100000011100110
77093165073058501
1100110011011011011011011011011011001100101100110111
19530742679
1101011100101001010000010010111111101010110011101100
751073817324
0010111001100011000010100100001111100000111111010011
94333106855
0000110100100000010010010001100010000110000100001100
24
1011010111111110110010000101000010111111100111001001
49
0010101000000100110100001011110001000011001100101111
3581805032654
1100110011110010100010110011100100001111101001011010
1789285437625
0011011000100000101011110011110100111011101000011001
771714590013
1010000010100001001110001000010110111011110010000011
9619227493
1011111111101100010110100101001011110100100011001100
98
0111010010011010000110011011111110001100000100000001
948506955
0101011110001100110110110101010101111010101000011101
74745077
1000101101101011111110001000111101000001110110010011
73310397
0010000010111101111111000111001100000100011110101101
99008390466080
0011011000010001100000001101111000111110101111010100
142084533369
1011100000101011101101100010101100110011110111011111
595725
0001111011011100000010001110011000000101111011000001
89135601
0111010100000001101110011100110110010110010110101110
4463774720514472
0010001000000010000111001111001111000011010001011100
4
1001000011010101100000011011101011101011111101110100
6
0011000000010100001111010010010010100010110101101010
8343074713960
1100111010011000101001100011111111000010100010010011
777920
0111010111001100000011001010100000100011011100110010
1290644749636
0000011000001001101111001110111000111000001111100010
455321518060
0011010011011111001011110110101100010000101100100100
43528616925722609
1101111010010001101010100011101000100011000001111100
958395295496860
1000110100011010110001010110000010001001010001110111
11460033199
1011001001100110010000001110101101111011000001010111
5428034334993554
0000001011010011101101100100101110001001111101100010
73354
1110010001110001010011000100110100100101111101101000
695930
0011001011010101100010100101011110111001001011000111
349009911463
1111010000111101110101011001100110110111001000101110
1000000000000000000
1111100101011101000011100000000010000001100111100001
857092925460
0000111100111000011001001110100011010000110010111001
82675
1100100101011000111110010101110011101110110101001010
63421064
1010101110001011110111110101110000011010110001100101
16619
1100101010001001010011101010011111010100100000001001
81267
1111010010010110110011001011011011010101111011100000
25954546514574
1000010011000101111010010011000111000101001101011110
70884
0111010000100010111111011011001000010111010110010101
8
0111100100100100101010011010110001100100111000111101
2525615181514
1011001110011100111101101000000100110011000001101101
46
0011110000111101011000011101101100000001001101101010
964681882766
1111100011000001010000100000101111000100100111101010
393
0101110010011001011101111101010111110000100011010000
7650
1111111110100110010110100100111101110010110110101011
952351579981687
0001001110101011111101110001101111011010001010110011
638665676845
0010011010010110001001110010110001100000100010001101
4660316
1001100011110011010100011010111000001010101001111111
478808487625
1100000100111001010011001000101010000110010110101010
3454671
0001011011101101101010010000000101101001011001110101
60044779462
1010100001100010101110001011011110010000111011010010
3766892301109
0000110000000010110011110011111000000110101010011000
29748610665
1111110100110001110110101000000011011111001101110000
529380565660
0111001011001001110100101111110000111000010010011110
28
1100110001001100011111000111111111101110101101100011
4202
1011110111110010110001000111011000111110101100010010
1
0000000000000000000000000000000000000000000000000000
588149
0000100111101010010001001010010000100001110100101110
7694629
0111001011011011111101010010011100001100011010111111
52834406456
0111001010010111101000010110010000100010011010000010
5330336220
1110100001010001111101100000001010011011100011110001
637
0110111000010111010110110000010001010000111101101010
246235950
0010011110111000110011110000101100011100110111110110
13
1110011110001010110001000110000111001100110010111011
813913009447695
1011100010100001100001001010000001010111100101100100
12616035845258
0100111000000100011111110010110100000110001010011001
20042782015515015
0001100010111010010110001000010101011101011100001101
85380
1100101111000011101101000010000011001010110100011010
915468917
1101110011011101010010111011011100100011010000111110
136047
1111011100010100000010001111101100011100011000000010
98784915702414
1110110100110011011000111101111000111100100111000111
3
1001001100101101110010000110011101001101010001100010
514647408
0110110010100001011011110101111110000100100110001101
5
0010010010111001111101101001111010000000000000100110
86224479269875
0111010110010101100010010000110100011011010000101111
2129385
1111101011010111111010101000101101111010100110001000
67809417490
1000001110010101001001001010011110110011011010100000
7274541512052
1010101111100000010010111110110111101011100011101100
1801
0110111000110000100100001110001000110000101001110110
2587997
0010110010101110011100111001010101011100011001000100
929
1000111001110010101000110011001000001101111010000010
545
1011111110101011110001000111101000000110101011010000
2307095706645
1000000111010111000100101011110000101011001101000110
946
1011101100100011110111000011000110101101001100100001
770494312563
1100000111010100010001011011001000010000010001101110
84613589249034
0100001010001111101100100100010010010111000100011101
18
0000000000000000000000000000000000000000000000000000
49478368546
1001111111001111001001001111001110110000100010001101
3911266
1010000001000101110111100101010000011100110110000100
906229742811
1111111111110001100100000011100111111100111101000101
35
1111111001100111010011010110101100101011111010110010
50
0001011111011111100000101100010011111011110011101100
4
0011111101111110101111111101010001000010001100011011
88957
0010111011101000110001011100100010111000011101100010
84962510843
0001011000000001110010110000110011000010010010011100
972298485683
1100010011100100100010101100000100010001101000001100
14455963577238995
0000000010010111101101110100110011001101111011010110
1455669
1011001110101111100111111101001010101000100100101100
170300500994
1000001111100101010111101110100000001001010011100111
328947589669808
1010000100101011110000110001000011111011100011110011
14
0000000000000000000000000000000000000000000000000000
6796277418675
1011110101001001111110000001100110010110101110101011
2526832978343573
0100010100100011001001100111010001101010100000101111
36
1100011101010110011101100011011101010011011011000011
30
0101111111100000001100101101111101100010001001000011
41683399
1101111000110000000001001110010110010110010000110011
934048328608
0000100011001101100101000111110100110000000010010000
1
1001010011101100000001001001000000101110010011101101
8
1001000001011000100010010100101010011000111100111111
4795029
0111111101111010011000111101000011000011110010101000
451813063744550
1111011000100000011100101110000100100101101111111110
4980743230852532
0110111000110111011110001110110010110100000110000111
585530819903
1010010010011100000011010111001100111101101011000010
70
1101100011011111100000001111110110000001110011101111
2554369
0101000001010111111110000000101101101011100001110000
1513581
1000000111101001111001100000100110011010000101001111
8885902766
1111011110000110010011001110001100101011111010000110
1000000000000000000
1110011000111000110110101011101110101010010010001011
18190536613
0001010101001100101111101000111000100110011001101110
2
0101000101001101001001101110000001111000101110010001
2860214518823418
1001100110111101101101101010100111000000110000001011
765
0100110101001110000110001010101111000110010011111001
820399009382
1010110100011010001110000001111110000001111011101110
53221
0011000011111110011000100011011101000011110000111101
82920898430
1011011110110101100011010100111100111111011101011010
734757054695
1101111010110101001111011110001000000011101111111010
39960126916787634
0011000110000111000101010100001001000100011010101100
6779122765
0001101000001000100111000010010011101100101100100110
5999923334464580
1110010011110101000001101011000000011110110110011111
32130
0101110110011011100010001100001000011011101101101111
9
0101111100110000011100001000101110000011100101111011
337171916092
1010110100100100100000000100011111100101001010111100
786730217757
0001011000101011011110100001111110110000001101000101
147085535567
0010100011010010101000101110001111011001010010110011
467247209
1001100100000010100110001100100101000111010110100111
5973979475328
0110010011100001101001011110110100011001110000000001
1166314321
0000110111100100001110111110100111001110101101100100
49172
0000001110001000111100110100001101011100101100101011
69
0100011110111101110100100010100000001010111101010100
3306808247919208
0100111110010100101001101100000111011011110001001101
48
1110010110010001011011110101101001000010100101110001
5856230709
1011101110011100011110010110001110011110011100000100
85877817680517004
0010011011011011101110000011010111100011000110001001
597328049754
0010101101111101100011100111100000100110000001010001
1
1000000111001011111100110000110001111010101101011011
62795161014088827
0111011111100001000011010111001111000111100100111110
240
1101100110010011110110101110100010010111010100110101
43382654912460
0001011000001001000101011100001100100100110000010001
361
0101111001101001000001101110110110001000111011100000
3072569
1110010101011101110100101011101001111000010101011000
42
1111000100101010011110101001011110111100000010100101
953
0100000000010101000100011111001011100101110101011100
664598521
0101000100111000001111010010100001101010100010101000
46284887
0101001000100110101101101000111011011010001000000000
8231835
1100100111001011100001011101011000011001100011010011
8843399783809168
0100110010000111000110010100110100101011000110011000
64275
0011011000001110010101101000011110101100000100100111
4430348
1111000011100011111010001110110110110111001011110000
54650987
1110111001110100110110000010011110110000000100111111
12889470411
0110001110101110010000100101101100110010101100110111
13
0000000000000000000000000000000000000000000000000000
47
0111000111010010010000000000011000111011011001100001
989329
0110100100011000100110100000001111110000000010111101
67647
1111100000101010000101010101110111101101011010110110
45352164964541
1111010111100101000101010001100100001111110010110111
9046749971
0110001011001101110011101010001011101100010110011100
8
0000000000000000000000000000000000000000000000000000
8916085568
1010110111100100011110010101010010001000100101010111
42381489
1100101110101110110001100001000010111100010001000010
4
0110000100100100110101010011100010100111110010100000
65627344894
0101011101111101101110001110110101110100100111010110
530485910
0100001000010110110101010111100010010000011010000101
488215233
0111111101010110111000010000111110010110110011011010
316956882439
0100011000011111000000010011001101101011110000001111
45491
1101100000000001101000111011001110011000110100110111
882593826481
1010101100100000111101001001011000101001010111001111
29
0111101110110101010110011010110001111010111011001011
687
0010000000110010101010011100010001000011110000001101
53957111851489029
0110101101101000000000110101100011100000011110100101
728862
0011001001011010100111011110101001010100011001010100
5498
0101111110110000101000101110110111111001100000110011
22466959511223
0100111101001000010011011111011010110001111010101000
86952677818923216
0110011011100001101110000011101110100011010101111100
8036597
1010000000000010000011111001000001000101011000111111
47674537202416851
0000001110010111111111000011101000000000011110111010
1000000000000000000
1001100111011011110100110110111101100110110110011111
81892993938894601
1011010100001110010011110011111100001101110101110010
1596229162
1010010001101000110001011010001010100010100000011011
35841970482733820
0111011000000000100010110110011100010000010010001010
70089804963
0000111111110111001011010011000111000110110110110101
23
0111001011101110010011000010001101110100011011100000
4
1100100101001000001100110100111100110110100110010001
668981
0101000000011011101011010000001011000100100010111111
5918172321033
1110000100110010001010000010110011110101001010100101
620208
0010100110100010111000000111000111100010101010110011
502192
1001111101100101110010011010000101000101110001101001
26
1111000110100111001100001110000110100110001111011110
58345600082173
0001110100001011001010110100010101000001010001100111
10
1010011000010110110110110000110000011111010001011011
873
1010101101011000110011001111011111000100101000011111
2
0011111010101011010101101101011010110111011100100001
409659487907
0011011110001000010111101100011110100100010101100100
530161193576
0010111011110100111001000111001101100101011101001000
1981796321370240
1100011010101000111101111111001110111110010110110100
479097254
0100010111000011110111101000101001110000001100111000
32
0111111100010111010011001110010100111011011110101010
49
1000001100100001001110011111100001101110110011011000
41532986605804415
1100110110001011011111001010100101011111001010010101
5108142810123
0111110110111110100000100110100010110110010100010010
43
0100110101110000101111110100000100011101001010100110
2120605773511
1010110100101000111000001001111100010011001010000110
9798556352154834
0110111011100000110011101101011110000100011101101000
548914815693890
0100111001100101111001111001101011111110001110111111
8935866474737
1110011000100100110110011011010110101001101010100001
8754
1111100001001010010111101000000001100010000010111110
21
0111100000111010101010111001000001000011110011011010
262
1101100001101111000111011101101000010010000000010011
844072361931145
0111011011100010000000101011111100100101001000010101
1711435
0110110101110011110010010000010110111111010110000010
555669
0101110011001111101011101011011011110100111110111011
3083898129303
0000000000111101111001110001101011001000100111011111
63878836
1101001011111001010000111100011101001011111110110011
28088958844
0110111111101010001110011000010100011100001011000001
672570165
0100010100010110001101110001010101000011001101010000
13562361840638
1000000011100111010100011000110111010010001110010011
392555418501
1111000111100001011001110000010100011101000111111011
532703005537789
0101001111011110111100010110110111100110010111100111
16
0000000000000000000000000000000000000000000000000000
4970671369
0100010000001011111111111011111001011100000100111000
31470
0000010000000011011110010110011011101100101100111100
2634881579516
0101011000110010001110110100001011001000000011000001
979828164945119
0011100100101011111000110001100101010110001101001100
236439029989752
1010110110110001011010010011101111110001011111100100
6344
1000010000001101110101001010011010111110001000001111
93249
1110000001010101010000111010110010101101001100100100
9270
0010001011101011011111000011011111000011010011101010
7259
0001100110010001001110001101110100110110001010110100
8860596078335
1010100111011011100000111101001010010000110010101011
66
0011101001010100010000000011110001111010010111111111
54580013727959
1111000010111110101001010111001010010110011100000101
1223769635
1111101000100010000001010011000110010110010010010111
6358251945105650
0110101010001010011011011000011111000010100100011011
50576
0101010110100100010101010001010000111001010000000011
912030
0111000000000100100011001110111001111010100010111010
11796224647723
0000101100100100011010011100000011100001110000001011
279260056135915
1111110110000111000011010101001110111000010111101010
581446073405
1010000000010110011111111010011001101010011000010011
48365430722678
1101111110011011001111111100110101101011111000100110
3801
0000110011001000110110011000011000010101000111011111
6900500
0101111001010111000011100000000101101110100110101111
4123585015
1100101001010011000001010001100100001110000010110001
134250
0010101100101001100101101101000101001110010101100010
35040167468729292
0000110110101011110110000001100000100101001100000000
20170545466072
0011101111111010010101101100111000100111101110000111
15
0010100100000000011111110110110101111000010101100110
4627886944
0100011111011000011110111011010001110100000100010000
28338153687013
0010100000110101011000000000100100000011110110101100
27111469391642
0100010011010110100101000001001010001000110011010000
31971011661111
0011000010010100001110100101110101101011010101011001
40
0000110100010001010010000110000101111010000110100100
9886426510236278
1100001100110001011110000100111110001010010001011010
61833185668980
1011000101011101100001101101100100101001110000000110
340826087762
0110101111001000001011011000101010110111110001010000
92190135339
0000011011000110011111100101100110101111010010100100
29664827169235
1101110111101001011110000110101011011100001010100000
5649
1110101000001100110010100110011001100011010100000101
45446035784758
0101011101000000011101101000100011110101111111111110
212182205651
0000000011100111011111000001010000110010011000010110
434088746597
1101100000001011010000010011100000110011011111101010
77667857
0011101001000010100000110011011000100111100001011110
287438128736158
1111011101011011100101100000010101110011110011000000
499938
1011100111101111000110001100101100101010000100010110
895607961406
1101110101010110111010010110010101110101110000001010
41836386726033122
0011100010100111111001000111100100001110010000010111
412914396630
0100101001101101100001110111100101111101011011010110
275
1101011011111010001001100011001100000000001110011100
9973485087
0100011110110111101000011101010011110011001010000011
989
0010011111110010111010001010010110101100100000101101
1765544699
0011001101010111000110011011010010010101110011100011
54758
1100110000010000010011110110101110000101111011010111
72583045
0101100100010100101101010111001111010011110010001100
2685209530
1100101011000100010000011101110100110111100011001110
45146700
1110010011100000100110011111000001101010001011101001
1370407212
0000001000011110111110011000000011111010010010000100
89746559395387
0010111001111100010000010011011011111110010000011110
906235
1001010011110101011000101110110001101011101011111011
8184156205386788
1101111001001100011110000100000101111110101010001000
446489363214
0101110011101100010010010100110011101001100111000100
1000000000000000000
1101110101111110110010000011010101111111011010010010
156
0010110111110101100001111000000100111010110111111101
2579084255803
1100000111110000101001010010100001111100110101100001
2
0000000000000000000000000000000000000000000000000000
7895443801267
1101011001000011111000101001010111010000100001101100
5114
0110011100000110001000010111001011110110010010111111
9
1000001100101110111000110001011110000010111101010100
673056294721
1111111101001101111000101000100001110011011110111000
9775603211358
0001110101001101011011100010111000100000010000101111
254414
1001010011101110100110100100000101110101111110000110
851310093389
1000001100011100100000101000010111000001101010000101
659228
0110110010001101111111101010011111111110001111001100
2230604167028413
1010111101111111011010011100111010100000101010001010
47578
1010100111011010101101110011010110001111110001010011
47
1100000100001101101110010010111110010111011110001001
98
1101010110110110111100110100111011001101001111101110
2827473653786030
0010110101000011000010010011110111010111110111000000
5048027281992875
0100110110000100001111000111101000111101110110001001
74676356941
0101001110100110010000110101100001011101110110000111
684610867447039
1101011010101111000111110111000000011011100000111000
893054832
0111100101011111110001000100110011011000001010001111
36189644
0000000100101010001110101010001110110111011001010101
90117929879
0100000101011101100010010110001100101000010000100100
15
0000000000000000000000000000000000000000000000000000
49004230
1001111110010000101100100110010110110000100101001001
3484668484
0111100101100101100111101001001011000001011000000110
63573115
0101101101001101001110001111100000110001010110010110
2965601938166331
1010101010110110100010110001011110010001110010011101
454243271138573
1110101010011100101000100100000101111011000011110010
150611
0000011111111111001011011000101000001100010110000011
995640825222
1101001001110110010001110010111010110000001011111001
39811900225
0101011000011011010110010111100110110001101011001010
526020466120321
1001101000011001110010010111000001011000010010010010
15
1100000100010011010101111111100010010110100001000000
44156
0001010100100000010000010100010110111011111001000001
309768412
0100010001110101000001000001111101101101010001111110
6443
0111101010111101110011011011010101100000111010101101
3
0000000000000000000000000000000000000000000000000000
76996654432945434
1111011010001101011010011000000000001111000011111010
48757358627747
1101001100101010100111101111101011100011001001011000
77811890103522
1011011101011100010010011011000111111111010100101110
624205211047842
1110001000011011100110101110001100110010100001011010
2319698830330705
1110010000011101111100111110101110011001100100011011
54029213293
1100101010101110111011011000111000010111111000011110
929979249
0000010000100110011100001110001110110111111010110110
6
1100110111100100110111011001001010101110101011101001
9118290456
1001001010100010001101111001110110101011110000100110
18
1100011010110000100000000100110000010111000111111110
46
0100100100110111110001001001100000001111000001100000
6994404962289396
0100111111011111111110101100001001100110000100110101
113758
1110000101101101001110110000110010110100000101011011
714018
0001010011111110010101111011101110100111101100100111
91421
1111110101111100111100111110100110000011010101111010
511025355
1001011101000111110011011101101000000001111101111000
542977727444
1110110101110010111110000011111110001101101000111001
1
0111000100101110011001001100011101010001001000000111
7769
0001110011110001001101011110111011010110010111110110
245023
0010000101101011100101101101001010000100111110001111
4736785709
1000111111000011100000010101100000000001011110101010
701
0010110001111100111001001011001001000101101110000101
90612
1000101111001100011111110011101101110000111111101111
47098844
0101000000111110011111101010011110111100001000001001
50072227
1011010101101101110000011110100010000010101100101111
6454732852866056
1111000100101000110111000111101010111110000111111111
9016936433
0110000101011101110010010000110110001111110100110110
32
0111011011111100111000110000101110100011110100101010
730962
1001101010100111010011101111101010001110010100010110
73352440
1110111111111111101011100100000110101011001111111010
2992377463065025
0110100011111011010001111001000101100101011110100100
56405859798768
1111011010110010001110100001101001001011101001001100
21832956011783707
1011100100100011110110011110011101101110111011111110
284901484890
0100111010100011101111010101010111100110010000001111
162559717535
1111100101111001001001001011011011101110010101001000
43143013422
0010111111011101000000001101110100110111111001000001
63018702
1000111101110111110001100010111000000001011100110011
394672449542763
1001100101001101110100101100001110010000011101010010
70825738474201
0011001000111101101110101101111011101101000111001110
8767527
0011011101101011011101001110011010000010000110101001
186401
1111110111111001111001000011101110110000110101100110
855806266311
0101011011010011001110101111011111000110011110010100
154478501
1011000000001110010111010100111001100110101011011111
57
1111100011010011101101011001001000111010011000010001
967110978
0111110000111111011110010011000100100111001111111111
37870
1110111011111111100101110100000000101110110111010110
5893135400300
1000111110010001011000011010010001011010001000110011
3052
1000110100000010111111110101011000010100111000110100
558
0000000101000101000101100110010111000101001001110001
503100027
1110000001101111111100101100001111000111001000010100
33
1110000010100011111001101100101011010010101101010000
874
0101011101111111010100111110011001011010101000010110
86422877
1011000111100101011001011101011001011011001001100111
8749049356518
1100010010100001100011010101100000000010100110110111
86556408130
0001001100111001001100010110100010111011011110011101
1355548776642
0001000000101100011101011001010111010000011000011101
15096235
0110001111111001110100100110001111010000101011110100
18580427633643608
1001101101110111010011101111001100011111100000101000
22
0111011011011011100101101111000100000010111111110100
1853570620007
0010011111101010001010010010100101101000101110011100
3363273906
0010010111011110000001010100110111010000101110101010
484184928467
0110111111001001000110000000010111001101110011010111
5434
1011000001011011001100010001001110001000111000111110
50138981695960766
0100011010110000111011101011111001000111110110110110
562212484
0101110000001110101100000100110111110101101001010100
9
0000000000000000000000000000000000000000000000000000
802828
1011001110111000011110001101000110110101000110000001
8
0010001010100001111110111000010100010011001111011000
2405743440
1010001111100000000100001111100100010100111111101010
6350790684770
0110000011011001111000001111110001111110001010001000
518188386585
0000110110110101001111000000101000010011110001000000
612387576674357
0101110101111100010001000100111111111110001100101000
49894
0101011101101010111000011010110100100111111000000010
216
1001111110011010101101001001001101101000100000110111
81387827
0110100101110111100000011110100011001011101011101011
783
1010001101100001000101000100111010110100011101001000
756070
1011111100111000111101011010110100011100101101101101
2963926796839271
0111110001000000011100111111010010100111001010101111
12282205
0101100111000001110110100110000101110111001101010111
70324949159
0001001001000000111101110001110011100000101001001111
277
0110000000011001101110001101010011011010000101001010
43170
0110011111100101010100000011000010011101011011000010
2
0001110110110011101000010101011000001100001110111010
713872
0010011000101110110110100100110101010101101000011011
5838
1110100010001111100000001010100101111110100011110000
4517228914598
1111011110100000101110111101101001000011010111111110
1
1000001100100000010101010000011011010101001101101111
971211849509455
0100011111100010001100100100011110110100000000101010
45989053007883855
1001101110101111111001111001010011111100110000011011
477075
1001010100110000001010001001110100010110011010001110
7786
1100011100000100011011000110110111110000010101000111
39998952971425973
1000111101100010110000000111010000101101101010001010
4095526651473
1010111110111111001101001101001111110101010001011110
42105447180967
0100010101000001110100000001010010011110111000001001
9
0001000101111110110011001010011100000000101000111110
71372
0000010000100010011000111111000000000110011111010010
290754532192118
0000100100011000010101010011110010000111101001011010
92879
0010110100100100100110110100110001100010001100100001
82495
1100100001010101110110101011010011110101000100010101
8029
0001010011010111001100101000100010001111111110010010
93442864616
0111100101110100010100110001011101100011001000000101
5541192
0110111101101011111101110010100000110010010000011101
3450490152
0101010011101010100101101100000110011100111001100000
3952595
0000011100101110111001010011010111101101101011101010
6215
0111001101111010101001011110111011111000011010001100
5176723653492622
1101000101111011000000001000001110000001001100011101
32256860
0000001100111110010100010100010100111011011000000001
2164563642140
0100010001011101101001011010001100001000101011100110
39793957387
1100001100101010101111100111101100101100010101001001
29983706822
1111010101010111111011101010000011110010001100110011
82164199484267309
0101110100000001111100110010111000000100010100111111
116
0000100011111000101100011111110100011110111011101011
6466831938
1001011100100101110110000000100100101001001000100100
428
1001010110010010110101110110000000011100110010111111
422789837965
0010111111001010001110100101011010111110011110011001
45
1100001111000101001010011011110001101000010000010011
206343412604
1101011100100010110101001111101111011111001100101111
54174864
1010010000101011110011011111011100111111011111100110
809640572412
1111110111111100001110101110101110101101110110011101
771491471653
0110000000101000011101010000101111110010110101001001
3967766
0010010000001100100010111001011011110101110000000010
64089079988383034
1101000001010110101010001000001001100011001000000101
877116921157663
0101110100001001100011100010010101110001101010000100
3780500488553
0010111110000010010111101101010100110000100110101100
2454209157
0001000011011101011111110100010111000011111000000010
63
1110111101011100000100000010100000110111110001010011
2
1011010101110101000100011010110110111010111111011011
6170398
1001111001110101111011111000111100110110101110011000
20086
1010011010000000011011011010010101100111001010010011
20
0001001000111110111100101001110100010111100111110110
22
1011010111010101110000000101101001011111011100100111
228
0100110001101010111101110000111000110110011001010100
32
1100001110110111011010101011100001011011100011000010
853759892
1001100101000000011010110111000100111010101101111110
77422691614
0000011111100111110000101111011100000001001110111001
249160858498
1000011001011101110111100011100000111011101010111001
5
0000000000000000000000000000000000000000000000000000
7353598330160072
0100001010100101111001011000100111110010111110110110
832186815
0111010100000001011001001100101001100011100110011001
15
1001110111010010110101011000000101100101001100000110
2744493
0111000000011000101111111000101100100001010011001101
78289718404618
1000101011000011001011110111010100000100001100000011
8
0110010001010010000110011011111000101100111001010010
22742527986
1000001000100101001001011111100001110111000101001101
5128
1011000100000101101011000111001111001011000111010110
33699833668
1100001110110111001100101100010011000011101101100111
541132056401
0001101011101100000110010010001101011111011111100100
7
0000000000000000000000000000000000000000000000000000
330614
1010011011000110011011010001011010111101110010011011
47478182539911906
1111110011100011101010101100110110010110100010111110
77699860
0101011001101111100010001110001000011101010110011011
6282
1101101001101101011001010000001001110000001011111000
255832076015
0101011000000011010000101010110001010001110010100111
31933997
1111101000000000110001101101001001110111111000000001
87441099709191206
1100000101100101101010011011001011111010110110001110
828475673450
0011011011100010000110011111111011100000000011110111
24785
1100001111001000110010011100101001101001111101111010
522707526
1101011000010011101011100110110110101100000110101100
48
1101101001011101001001000110100001010101011101110111
232575207
0010011101001011000000100011011000001101000101101010
6148116200442655
0010111100011010111001100101111000001000001010010101
78920689801380
1011011111000100010011100011000000000111000110101101
3765543
0101001011111100011110111111010001110000111110110001
444875965555205
0011010101100110100001101000000000010001000010001000
5330361
0011000001101011000110101001100100110000100111110000
1
1100111101110110010110001100011101100111000010101010
50
1000101110010101111010000000011111110011000000000001
8615288
1100000100101111010001111000011110101100000010110111
4
0001001111000111010011101011110000101111010101000111
12758367
1110111100110100101111101011000011011010101000011001
648577379709
0000011010000010000011101110010000110110011011101110
67653460429
1100000000101100001010100011100110010110111011100010
48861
1000011001110101111001010010011111101110110000001111
598
1011010100110101100011000101011110100111001001000100
7644003
0001010010010111001111101001100101010100001101111011
4874
0100101000111011000010101000011010101100010111110101
4
1010111101011000001011110000100011100000101111010101
594512773061437
0011111010110001011111001000001010001000001001100001
4647601
1010000001011100000111011000000101101100000100000001
588487340494
1110110010100101100111100101001111011111011011100100
15
0111010110110000010111010001010001011000001011000101
1595
0110011001110111001110000100010011110011100110101001
187041446459435
1110110111000110010110111010111111111010100001010011
9254
0010001000100100001011100010010101000101010011110011
475
0011000101111111011011010001100110000011011001000111
116586571135479
1100110011011111111000110000100000010010100110001011
380190913
0000101010011100110101100000011001110000110001111010
38
1111001100100000010100001001000001100100000111011000
9116622087
1000111110000001110101010111101110101010110100010110
3639188042
1011100111100001111001101000000001111100000001110100
15608898629953941
0100101100010001111101011111101100011100010110011101
4
1110111011001010101010101111100110010000110001110000
905858
0100100111010101000011001100001101111100000111100011
80143740
0010101111010110100101000111101000011000010100000100
604460027
0100001010100010010110110111000011101101001000010001
41
1100101100100000100110111000110001100000110111011110
26952931247313
1100010011101011110110110110000010001001111000010111
7957991879404
0011101110111010011001110001011100000000011000010110
555417113913
1101011111010110000000110001010101111111001110011100
2181
0011100001101000010000001101111110111000000001101101
5029945668460
0110001000010001101010001000010101101001011010001110
1000000000000000000
0000100101001100100110011010010100111110110011001101
26521840056414463
1011000000011011111100101110111101111000001000011110
974733679838
1011000100110101110110110001101000100010100010100110
89
1000010110100101011010111000111110000010100110111001
22170908456806
0010101110100010010010011100000001000110111011100010
69012590837225
1010010110101001100000001100000101010111000001100011
10
1111111100011110101101011011001000101010110000001011
756875896939
0110101001100100000100011001000101001111110010111010
99
0011100001111010010110100011011011001011001010011111
338229081258
1100110101001101111000101111110011100000010000011001
63
0101100011101101111011101001000110110011001001100011
6827
1011011111010010100101001011010000010010011110010010
6274
0000001010100000110010001110101110110101000011010001
39537
0001110010110011110111110110110110100100111110000011
902941140212
0001111101010011001100011010111001110011100100011101
104066524075383
1010001010111000001011001101101110101010110011000011
1000000000000000000
0111101111101101101101101101010000000111000101010010
3
1111101100010101010100001101110011011011101011010011
200
0011001110101001101010101001010011111111001001000011
670026
0111001110001101000000111001000100110110111011111110
27
0001101010101000010100010000000100011100001001111101
2
0000110110110010100000111010101000000010110101000111
25
0011101101110010011100010101011110001000100010111011
933902266926
0011010001101101100110000010101001010110010011001110
75513
1111010011001011000101100101110110001111111010101010
654
0010101000110111001101111010111010010100111100101100
810606783590
0100100010001101001100011001011111101000010000010011
85386
0010010011111110000101000111010101100000010101110011
69
1111100000111000001011000000011010000010111001001000
6403589851227
0110110011110110111100010110111000011111000011001110
1235095841553573
0101010100010101100011100111100101010000010100000010
99230260722139
1110111000000100000110010101000000100110101101101001
17
1100100011000010010010001001000101101101110000110100
91
1110110111001000111111000111101110000000010110011100
5936
1100100011110100011001010100000010111010111111011000
17942518798
1011001101101001001000011100101100101000000111010001
1000000000000000000
0100111100100101100000111001111010110000110100010011
69011139143132395
0010011001100010000010111000111100011111111101011001
11
0000000000000000000000000000000000000000000000000000
325257977478
0010010110001100100011011001111011011111001011010111
65339041429
0100110101101000110001101010101000001101110000000001
1
1001111001101110011110000100010111011101010100010001
808344
1100100110111110101101000101000110111101000011110100
51
1011111001110001011011001000111011011110111111100010
423492269155336
1111010111001111010100111011000110010110110111111010
120063637
1100111010010100000110011001110001111011001110101100
2249155195
1111000101111100001000011011110001000010110011101001
49
1000100111000001000011011011110011101010100011110110
38820617629745
0000010100011110001110110011011111010010101010101110
61122104
1111111011101011101001000001111100010000100001011011
819159
1100010101101111110000100111101011101000110100111111
81888105474332318
0110101110001000110001011000100100000010100000000010
100662287
0110000001011010100111111011101101100100000100100111
126470069137287
1011101111111101110001111110011100010001101010011110
623455231
1100110011100111011100011101001111010100111100101111
84588725
1111011010110000100001111000111110011010001000010100
17
0000000000000000000000000000000000000000000000000000
614540104384
1011000100010010010111110000010000010111100100101110
2983
1001011011101111000001110001010111100110010000001111
10
0000000000000000000000000000000000000000000000000000
224005460
1110000100010100001011010011001001110001011010001100
4445897440
1010010000101000110001100101100110011100000100101111
174437133428277
0110000110100110010100001000100100110100011110101010
4115416028326600
1111110111110010101000001111100001011110111100110110
8
0111111110111100111111100101000100011100000001000010
3028197354104265
0101110111101111111000001111111110000001101101110010
32603335454
0100001010010000100001011111001100100111010001110111
7503998607156
0010010111101000010100000101011101000000011001110011
4
1010100010010101010110001000000011010001001111101110
20
0000000000000000000000000000000000000000000000000000
370485112622
0011001100111110011010011100010010110010010010110001
716385
1011110000110111001000101011001011110110000100110010
5039611
0010011010001000111100010010110011110101111011110111
511999244357
1100100100001111000100001100000010010001001001010111
683496389041
0101110111110000001011101100010001010100010111110001
90766
0100010110100011010000101101110011100000100101111111
893061612773
0110011011111100110100011111101110100111100111110111
11
0000111110000001110111110101011001001001011110000110
19
1110011010000100001100110001111110011010010110011101
739077
1111100010110000011111010001001101000110001100011110
97013679017
0100100110111000101100111001100110000100111100101011
4259846665194539
1100011100011101000101111001101100010000110011101100
791
0100000000000110011111100101101101000010100000011010
8422451770865121
0000000111001100110100001011111001011000111010111001
6
1000001001110010010101110101111011010100010100000111
96543343884088
1011010000001010101001111001000101110010001111001001
9367698161483
1110110011110101101100111101110110000100010011111000
29409832
0101111100011101001001011001010111111111110111000100
205680025955
0000001101000101011110001110011111101010101000000100
38836492836062
1100111101101011001011101010001100100101110001000011
3796945
0000110101011001001000111111001100110100101010011110
1
0110001011001010000001001000010011100010001000100011
354770171
0101110101111011111111111010000101100001111001110110
74
0011110101100000100001101000100100111111000100111100
3214276
1110001011010001111110000110101101101110101011011101
208616
0010000110010011110011000001001100101111000001011010
7292162
1110101011010001011001010100000110000100001100011101
8967652009
1101100110111010011011011100111100001101100110010011
61378
1101001011111000100100101001001110001100101101001000
5444792520
1010101001100111100011110111110101010100011110001001
700
0110111010011101110100111010010100101111010101101010
994
1001111000000011000010110110000101011010100011101011
7
0100111001111111110110010000111101010001000100110010
63084133458821
0111011111000111100111010110101001001010111000100000
584185241677699
1110001000100110101101111110111010010110110011110111
5806
0101000110000001110100000110000100011110110100100110
28
1011111001001010110110000100011101011100111100110000
6135615800
0001101010110100100001101111110010111010010000111011
37
1101101110100100111101100110110100101010010111010101
105
1000101010100100010010000000100111100111001111101001
304284
1000110100001011111101110101011111100010010001111111
7289054
1000000100010110110001001010000100010001000100111011
62463688406707
1111100000100001001000010100111111000111011010101110
437212639
1001010011100010010011000101111001110101010010111100
164514948901
0101111010011100011100011010111001011001010101000111
1
0010011011010100100111100001111011100100011001110110
2230016430028
1000000011100001001001111010101001100011000100010000
16680014
1001100010101010001100010110001011001100000111101000
5
1010111101011111011010100011100011011110100101111101
4245610229130
1011001100101011100001010011010011100100101110001100
34562630
0101101100010001100010001000010111100110000110011110
5288273
1010011110011001100011001001011001101010001011111000
985715968
0000011110100000011010111100101011000001000101110100
324188366
0001101010110111011101101010001010011011101101011100
7752526
0000000001010000001000100101110001000001100111001001
36036069528
0001110011101000000001000000100101000101101101010101
60884881248
0011111101100101110010000010100010000010110011111101
70666536778479124
0110001011001110001001100100011101001101000011111100
8
1001100010001011111010000101011001111010011011010010
20
1011101101111111010101100110101010111000010101101010
91975
1001111100000011110100010101111111000100000111001111
93536
0110101011110111010000000110100111110101110110000011
63701587618
0000001111010101010100100011001101100111100001011010
997549051062
1011010000000000001000100000000010111000110101001111
1317207069
0000010101111000110101001111110011101100011100111111
234959770992119
0110101101110011010001010000110000010010011011101001
4
0000000000000000000000000000000000000000000000000000
7765004741
0111100100000110011100110010000010111110110110010011
638767562906
1001011000101110100000010100001111010111101100101010
67780
1111011000010101001111010000000001010001001000010011
715349
0110011110100001011101100000010001101001001011100011
41790724
1101000110111010101111100011010110100011101001101101
10
0110000000100100111010100001011010110111000011111000
76223976
0001111110110011101010010000110001110101101001101001
9635464958738504
0100110110100011100101100010100111110101001111000010
118
1011111101101000000001011010000001000110101000000011
6495
1000110000000001010101010001011010001110010100000111
44
0000110100101110001111001101000010001010100010001001
3491674906517609
1110000000011000101011101111001011010101101101001010
14
0110111000000100100011110110110011101111110101000001
350658367861
0001010100011110010001101001110110001101100010000110
19
0000000000000000000000000000000000000000000000000000
3868283167
1000111100101110000110001000011110011001110011111010
730659695599
0001101101100001010010100011010011110000110111000111
72192
1101001000111001011000010101111111010001011110110100
94151388658
0110001001000111111000011001100000110010001100000010
999
1111000111110001000110010101010100100000111111100110
37
0100100000001111000100110011000111100111100111111100
39
1000000010011010000110011110001110011001000111110111
338094
0010110010101011110001011010010100111010111100001111
473
1000010011101001110001001000011010110111001100100000
3782
0001111111100101111100100110111100111110100010010110
236181721258951
0111000111111100111101011110101010011100111110110111
18071
1101100101010101010010111100111001111010011001111101
116771691780442
1101010011100111001100110001111101101110111100000111
757964
0001101111100110110011000111111001110010101011000011
91178
0000011001000010000110011010110110001010100000111001
69986673117
1110001110101111011111110000100011110110000010011101
23211330939
0110111011010111111110010011101000000010010100100001
193877411717
0100101011010011101110011101101111000011000000000111
91338059904824906
0001000000100010010001010010011100010011000011001001
4939237525363340
1100011010110100110010100111110110001100100011100100
61438717202991
0000001010100110101010111011111100011100000111000101
88873553464613
1100011011000110011001011110111011010001101100101001
1772423719
1011010011110100100110000111000010011000000000110100
68
1100000101011111000100101111010111111011011000111001
1000000000000000000
0000010100000110111100011101011101010000100000011000
20981693
0101001001001011000101111010000111011001100000100000
95330086
0001110110100101011110000000011100001100101011001001
5742
0100000000001001101100011000111001101001001000100110
9888159539523
1010100001110100101010001100010000011100101100010110
26108472
1111001100010001001000010000101100010001010010100110
55427906
0000100001011001111111010100011011010101110111111110
6587499433
1100011011100011010110111110110010100101000011101011
2153952258946120
0100010000011011111100000100111010000100011100111011
376620748
1100100001111111011001011010100011110101011101010111
2818184
0000010110011011110101000010000110011000101001001010
8919998757383208
1100010010010010000110000010111010001000110110001000
66
0011110011110001100010111100010001011111001110000010
366293398524280
1110101000100001010000100011100000001001111000000111
640234837231526
1001111101001010010110111011100001000100001000001101
8617
1110011010001100011111110011110100111111000101111010
76141
1000001110110000001010001111111110101010101101010011
42119980358
0111010110101011001001110110010010001010101111110101
25488427135687076
1011010110100101001001001011111010010000011000101100
2308422300383
1100110111111101010011101101100111100111111100110100
43612473
0000000101110111101111010101100000111010110100110101
67540244691
1001111011100011011100001110001001001000001011101110
162465
0011111011111110011000111100010110011101101011001111
497822944546
1000011101111100001101001010101011101100010100111001
12
0000000000000000000000000000000000000000000000000000
4
0101111110010111010000011001111000110001110111110110
5752
0100000111000011100111100000010100011010111100010001
54981846
0100100000111000010111100010111000011110011011000000
7688532219709841
1111110110100010001100111010111100011100101010011111
4106781243918511
0101111111010010000001001010100100100110100110100100
92283
0101101111111100110011010001110101101101101010000111
365920904164
1101000101010100001001000000111011111101101001111100
798852218
0011110001100110000110001001101101100011011000100000
68714
0100110100001111001110000111100010111101111001111010
800957032
0101011101001111001000011000001011111101100010010101
3577
0001000100100010011000010100011111101000011000001110
3091050841237
1011101011101101110100010001111011100110011101100001
2791768042160017
0100001000011101100010110101101010010001111111001000
7925603
1101001000011000000011110100101110010011110100101100
6957985440001509
1010001010010001111001100011000001011000110000001001
251677817612
0011000001011001001101010110010101011001000111111000
932014286
1110111100110100011101011000101111100000011000101100
80317341488898
0100100011000000101001000101110101001100100111110110
2240638048
1101111110000100111111000100001001101011111110011111
1
1101110100110111000110111101111010001001111000110111
944360138550118
1111000111111101011100110111011011011111000010110001
3225
0101101110101110101110010100111110101000011000000001
499161
1001010010000110100011110111101101110001000110010000
3762508159033
0011001011101111110100111110001100011101010100011100
639641793313
0011011011000001011000001110100101110011100001100111
8
0101110101100110101010111010100100010011011111000001
67334399680146516
1101110101001010101110011100100110010111111000100011
9335152741162
1010110011000000000001011101011100101100010111000000
8244125163399068
0101001101010100101101101101100011110010101011000010
687181951877646
0101011100111001100001100000110110100111011110000000
3
1110101110011001110101111111001111001101000010110110
99189807118
0010010100101100000000111001111100100000000101111001
740
0100111010010010011000111011100011000011101110100011
621
0101000000010011111101100101010001110110011100001100
7746803
0100101000100101011100001100111100101001100100100101
6219861
1010110011111100101011001100001011101001111111110010
965
0100001010010110100110111011010000110010001010011110
3467801
1001111111110100110011111110110010001001100000100000
7630306
0010011011010001110111111001101101001100000111111111
1
1111101111101110111001100111000111010011111110101000
1008
0001110110110000010011101110011101010010001100011011
82911048800178332
1001100101011001100110011010000101100110001101101101
2138
1011111100110111011000111111011000011111110010101010
95198075812453182
1011011111001011010111010110011101111101001110000100
43
1010101101001101110100010110110101010010000010110101
427
0100010011010110011110110001011111000110100110001100
76015644343047
0101101101101111110010001111001001100001000000000100
3121601126
0110010100101110000110111001000011011110100010110101
92908256
1101000100111001110110101010000111010110000001011101
748015
0111111100000110010100111001110100001010110001111011
600987943
1010111110001110000100011111010101011111010110100001
88
0110110000100010011110011110000110111001010101000100
12
0010000101101010100001010001101101101101110000000010
2
0100101001110000100110110111001111101010110100001111
956
1000000000011101010101100000011000101001111110011010
3924042
0111011000010011101110011000010110011100000111111010
60
0101001101100010010001001001010000011001111111011000
31
1111111011011010101010111110000101010110100101010100
9
1100101101011011010100100101000101101001000010111010
573
0000011100001110011110000001110011011100011000001101
198335896147984
1110110110001000110101101000011100110111101110001100
749
1110001100011001110010110100000100101000001001011100
4914
0001000010010001000010000010010010111101100110111100
2
1100100101111111011111010011001110100010111100000111
4728
1011011110110000111000000000000110111011111011111101
68429886035195640
1001111110110010110011001111100001110100000001000001
2412167033
1110010010101110101111011100110001101010010011010110
8516950869727744
1111111011101001001011111101110101011110100111100111
93784
1000100100101001111001111010111011000011000000110110
39
1010011100100001101010011110111101111100111100011101
9700523221
1001101101011101010110001111111100101011011000000001
27330612402777004
0010011001001111110001011110010010011000000001010001
8830003
0000000111111110000101011000000010101000010001101100
6327
0000101100011011010101100110101010011000111100001111
189414328810804
0001010100111001010000000101010010010000000000110001
790078143974
0111111101011010100101000001111011111011000000011100
306435770936
0100111001011000100111011000111000111101101111110001
890886562257
0000101001010110100101011000001101010101111011111011
13
1001111011011100001110100110011000000010011011000101
31
1001011011011111100101110100010011001001110001000000
728731407
1100011110100011011101100101010111100111001111100111
79298
0001000101100110001010111010010011111000111011010011
672
0011010100000010010010011000110111100110011110001011
9603323140348854
1011101100101110011010100011100100111101111011100100
9555397459152209
1111010100101010101000100101010000101001010110000011
592594996712
1101111000000100001100110010010100100001100101011100
8425374184
0000011001110001011001110111100111001010001110100011
34
0111110110000111011110011100000110001010100100010001
90758
0000100000011010010111111111011000101111010101101101
64092383672520851
0010010110001010010111100011111101011010100000010100
36620572068980
1100011101111000100100110010000111100100110111100001
21882095170310
0000010000111000010011101001001010001100000000100111
52540990684296922
0010011010100011000001011001011100011100100010010011
125645928250
0010011100100001011011010011001111100100001001000101
17463391785
1111011110001110110000000010100110011111001011100001
824716914
1110111010111110100101100000001101110001000101101010
5372095207887585
1010100110001111001111010010010011001001110011100111
851611412
1111101101101100101000111001001111100111100001010110
805544
0001010000110001101111100011001001111001001010010111
1000000000000000000
0101000111001000010000100110101001011101111010011100
607514483
1101000010100001101001000000111000111111000100101100
41460506412
1001110000100011001010010111101010110100110000001101
16
1101000010011111011000011110100011011100111000001110
1
1011110001001111010001001110001001010100000001111011
275327623310417
1011101110011101100001001101001011110011110001010100
2580064339192227
1000010011100011110111000000000011011010001110101011
3024258151
1000111000011110110011011100100000001110010010010101
1043341459
1000000100110110110111000011011011111000110010000011
74222662859342230
0101000000011010010110001011111110010000100000100101
7345055743
0101111001011110000011101001111001011010000101110110
2240382620980416
1001111010100100100011010100010110011001110011110001
33
0001100100101001111001101011111111100110011110000111
49
1000000100010111111010010100110110111101111000111111
97229331
1111011100001000011001101101100011001101100001001010
451838722856
1000100011111000000001001010011000000110101001111111
854463634
0100101110000001011110010111000101001001110011000000
7219942852330334
0111000010100100111100011110101100101010010001101011
867189576
1111000111100010001011010001011010100100010010100101
97
0111100110101111011101001100111111110111001001001101
8
0110001011110011100011110000001111110000111110100001
36227071806
1000110111110101001001001010111010111101011001001101
7967525
0011110011101101111000011010010110001001111011000000
1825021507551
1000010000001111111001010010110001111011010101001010
151793465634
0110000101110111010111000111011111101001101000010010
92107704382413229
0100101000010011110001010100101010110101011100111000
40
0001000000001001101001101110001010001001001010001001
7766541
0111101001110001010011101000000110000100001011011101
5
0011001010011000100000101000001100101001101011101100
151398162
0011011110001101010001111111001001110111100010011100
395732287792147
0011100010010011110110001110110111111000010010110110
656411409708
0100100010110011000000100101001000100111001000100010
1
1011011111111101101011100000111111111000100010111110
3105
1101111000011001100101101111000011110010110011111010
652052
1001001000001101101100011111011110011011001010000110
652687
1110010000100100001000001101010000011101000100000110
700204348244799
1010001000001101101011101011101011011100111010111100
95
0010100110100010101100111111001011111010011110111110
61848
1101100101000110011111101011010000011110110001101010
832943282310
0101110110011100101101110100111110010001101110110010
217349
0010101110101001110110100101010101100000000011000110
26847663
1000111110000000110111111100000011000110111011110000
40369912361503967
1110000001011110110011001101001001111000011111110001
5824411121
1000001000000100111011000110110010011000101101101010
4412
0011110011101101010010110101001110010101101001101101
6
1001001000110010001001000101001110011100000110000010
2962
1101110000110101111101001101010001011101101100111100
60335634788
1100111011010011110010100100100011101001000011100010
12517725572297313
0101010111010011111011111111011000001100010001000010
726
0001011100001101101001101011011111000010111010000100
1
1011011011000100100010000011011001011010001000011100
4212110207
0111110000111000000000011010101000001101100100010001
2490554499
1100001111000010011110101001100101011111111100011010
731
0110010101110111010101000100111001010100110111111100
4316426168646
0111010000000001011010111110010111101001110100111011
6
0000000000000000000000000000000000000000000000000000
90983832169284
0010011001110100000001100011011111111110010101111001
93520569192286
1101000111100110011100100110010111110110111100101001
864
0101111100011010011011011100000011010100011100101000
107127682
1111001101100011111100010010100011101010011010000111
12309186243
0111101101111101001001100010110101111111101101011101
942006657
0111011010101100101111111010101101111111010110010010
59573705
0011010101110001001111100101100101000111000101111111
368675
0110011101100001010011011000101000001011010110001000
1000000000000000000
1110111111011011011010010100111101101000000101010011
2868778
1000101011110000100010000010010010001010110110101100
575139058295566
1000101100001000100000010000001101000110011101100111
123499036688731
0111111001000010000110100100011110010001000000010100
227718718242
0000011001110101101100101111000011100001001101101000
7896
0010111111110000100011001100001111100010110010000011
193142839454
1101001010010001110011001010101111101000110000000001
772341498
1110010001101100000001000001000101111010100011111001
65733808897
1010000011111001010101001110110011010001011101001010
8382282
1111110001001111101000010010101111111000101101110011
93968
0000011110101110110011010011101000000010011111101001
37
1010000100001100110010000010010010101011001110001110
83
1101110110111101111100010111001011000010010001011101
416024393542375
1111101111101111111011011000010110010111010101010111
826876845908951
0100010001011000011001111011011010111000000110101010
15495027
1111011001001010101110101110011000111111000100010101
742317534969
0101000011011000000001101111101100011001001101000110
76095893
1011111101100110110101010101001101011110001101100111
9
0111010001000011100101000001011111001101110000110010
385766594545889
1110001110011110000101100010100001111011100110001110
928206127784
0111011001111010111000000011001011110111000011010001
98465
0101000110010011111000011101110111001100100010011100
97122503403489942
0000001000011110011010100001100011111011010001000111
2133464517356
1011001000010000001100011101111101001100101000011011
1407078913594
1100111010011010110000101001011011100100000110001010
727610
0001100110111011100110011010001101110110000010001010
1
0010010110111011010000100000010110000001011100010101
2503932611661083
0110001110111110111110000110001101100110000000011010
90947224285741973
1110111111111110101000110011110110110000101110011111
767265844233
0111100110000011111101100100111100101010101100001111
278
0111110001111010000001001001100101110010100110101111
43
0001000000110001110010100101110001100011101111100111
2365974
1001000001011000011110101000001100010110101100001111
37306525617376511
0011000001010100110010010000011010101100100101001011
19220751729550520
1100101100001101101000010001010010000101101110001010
6
0101000101010110101111111000001110101011101101100010
0
